-0.0668027867563739
0.02376720847726911
-0.049780349551793834
-0.0036850725795304655
-0.013833669421315456
0.00066766733728228
0.013678421406013616
0.0
0.0
-2.4721983031985673
-34.4852147885815
5.935367082272087
21.728349244320345
-0.46133366149987665
-5.023720328807215
5.677233508824489
0.0
0.0
-4.922973834851466
-63.56670787047374
10.875679356796836
29.38072442249999
-0.6617879421156547
-5.828660296754105
2.1233282935130027
0.0
0.0
-7.974804134798262
-84.64810021903176
14.736284492370807
33.75333772757044
-0.7629629629843191
-5.649913696262728
2.575028136638622
0.0
0.0
-10.998740722588597
-99.04138737386786
17.9579746836549
36.191781143470685
-0.7923503014584352
-4.924463981093943
1.5412325860897775
0.0
0.0
-13.987965206060116
-107.94120460356346
20.629484308962933
37.408972071206726
-0.7098271931322342
-4.006666317884533
1.2212488842751497
0.0
0.0
-16.77771245386799
-112.51297300343013
22.90204803810899
37.57385406525234
-0.5289136272004983
-2.997279031131491
0.7102703967394995
0.0
0.0
-19.331748060550783
-113.65833561228686
24.84958485233688
36.91273944010893
-0.26710046059387105
-1.998028975398931
0.36703684828396066
0.0
0.0
-21.606037153012448
-112.13120262397968
26.540480837378848
35.57351813044677
0.04792598080395823
-1.0566056266186936
0.03897205687936804
0.0
0.0
-23.590130100237104
-108.53458338060581
28.018611891770473
33.70001209639267
0.3909510721165896
-0.2077830542912328
-0.2190351090771853
0.0
0.0
-25.28092551635976
-103.36209918033127
29.31802719717759
31.405896606728223
0.7400365839038738
0.5325983286038791
-0.4358867704617387
0.0
0.0
-26.686839781579554
-97.01336256464676
30.462005017372586
28.789592801508732
1.0777916918872437
1.1573543039082306
-0.6065720481934623
0.0
0.0
-27.821488133176697
-89.81379050002461
31.46714045755675
25.93132745810197
1.3913541144690706
1.6668619315856907
-0.73968168557956
0.0
0.0
-28.702895870556244
-82.02730552264798
32.34448056325419
22.897859352149776
1.6718365949717724
2.0656201710914863
-0.8381907755032278
0.0
0.0
-29.35132280754837
-73.86788666548037
33.10121925528067
19.743719617301423
1.9137556281740398
2.3609424562126957
-0.9071187431371671
0.0
0.0
-29.788258473483182
-65.50833994209347
33.74170040947041
16.51366028984479
2.114337296768341
2.5615717056604455
-0.9503751021027544
0.0
0.0
-30.03538715139224
-57.08764954143277
34.26835424505238
13.244234632762312
2.2729286066837706
2.6769323726476877
-0.971958849173639
0.0
0.0
-30.113905523354592
-48.71686919228317
34.68239021696472
9.965381313044128
2.390453006188168
2.7165503618122395
-0.9754265242638422
0.0
0.0
-30.043969508030937
-40.48398383144964
34.98437005492444
6.701650194241511
2.4689637599286605
2.6897153418928164
-0.9640690835070964
0.0
0.0
-29.84431394938189
-32.457886976296294
35.17464649025423
3.4732502790402155
2.511269838238148
2.6052620611347135
-0.9408211201140775
0.0
0.0
-29.53199337066491
-24.691668777228436
35.2536994658027
0.2968787612313668
2.520637783615827
2.4714547148937167
-0.9082908899785724
0.0
0.0
-30.73548549920262
-47.800194737030104
38.39682885702795
1.2164021686938291
2.4058195859401232
-0.09961213459612198
2.398948551213959
0.0
0.0
-31.845965496419147
-62.51417110092254
40.946298019633566
2.6081093868321616
2.2126763358612203
-1.5038500379962652
0.42544720555659166
0.0
0.0
-33.21695410282737
-70.72658196551325
42.77423835297369
4.312337359016155
1.8871166865806044
-2.3469042058305956
0.5682727254772152
0.0
0.0
-34.465627055186935
-74.2082237562353
44.148877214379546
5.324157013764086
1.6889992198706323
-2.55580265159685
-0.01784797173446403
0.0
0.0
-35.59570344782719
-73.97889726903246
45.12461397275911
5.9074142882910525
1.57649118059134
-2.4311350220253303
-0.21950093485672936
0.0
0.0
-36.52104758699663
-70.96624061266176
45.79607505606525
5.979546653534419
1.567372505143686
-2.0703175140755397
-0.47780782897327145
0.0
0.0
-37.23170722949007
-65.86224960944087
46.20974747008408
5.630922027534977
1.6285010325693257
-1.5937012823079366
-0.6318447634319544
0.0
0.0
-37.714703978345455
-59.24114102381844
46.4080995402303
4.888951675332788
1.7396666716961895
-1.0657505479412448
-0.7538592379049542
0.0
0.0
-37.9758182868291
-51.55439967784421
46.41853767823546
3.807026485974618
1.8759110483022388
-0.5388521944738919
-0.8261162289315731
0.0
0.0
-38.02487004185636
-43.1653078907758
46.26229577788572
2.426270004880108
2.0187091824727177
-0.044848234778168974
-0.8647895102432019
0.0
0.0
-37.87710482221673
-34.36114028608549
45.954280717298694
0.7897964102650129
2.1527451031922378
0.39477734434002804
-0.8725466486040174
0.0
0.0
-37.5495818059609
-25.36913956767242
45.50564612246071
-1.0634860360142102
2.267275804625295
0.7679400213388177
-0.8564533368863624
0.0
0.0
-37.06034140167125
-16.367037179327937
44.92472538107905
-3.0966049603656045
2.3550094955952687
1.0686211079696335
-0.8211877159769856
0.0
0.0
-36.42713066188305
-7.49255693160105
44.21816234025552
-5.275421909316756
2.411728903906908
1.2954166563413778
-0.7715450865877498
0.0
0.0
-35.66677301725849
1.1491993054371685
43.39161479674568
-7.568206024783757
2.4355631273743694
1.4500496223504817
-0.7115015950279496
0.0
0.0
-34.79467412810734
9.479569117885944
42.45032745894182
-9.945690998771335
2.4264449792716545
1.5364146821475722
-0.6445652084139689
0.0
0.0
-33.82458251989921
17.441315329714804
41.39950515871304
-12.380944946662988
2.3855924250582623
1.5598058583754397
-0.5736733626080985
0.0
0.0
-32.7685001067197
24.99448886937069
40.244551082475525
-14.84932040411358
2.315095581491877
1.5263642381190923
-0.5012694222824061
0.0
0.0
-31.636726197970873
32.11303554379366
38.99118337461933
-17.3283843203913
2.2175804758620217
1.4426605524020146
-0.42932751979651473
0.0
0.0
-30.437989826779063
38.7820023105546
37.64546241727216
-19.797860964120286
2.0959533131332924
1.3153914302527137
-0.35940447234046957
0.0
0.0
-30.915174461743945
4.959777820862373
39.37533188868319
-27.622941692000598
1.741716110042336
-1.1764756645005023
3.371655871767503
0.0
0.0
-31.353636207238264
-15.36669198910543
40.560152395414995
-27.123931217340072
1.4202945903353859
-3.325227713378321
1.652466041927099
0.0
0.0
-32.093303123491076
-27.020116969561887
40.99481594506252
-23.78802642726895
0.8354286134061358
-4.874938853254028
1.2287475831312873
0.0
0.0
-32.69057302135753
-32.7985593417629
41.03508591598182
-20.571175574652404
0.477216426351506
-5.452212474284367
0.49573358624464375
0.0
0.0
-33.10426923798742
-34.11892329368678
40.7652958951031
-17.575028740913904
0.2652355495572719
-5.435819393539349
0.047347069835116086
0.0
0.0
-33.26894809208046
-32.14504271526308
40.27776038359807
-15.063455574848653
0.20740646057460208
-5.000073372580114
-0.30604111108012744
0.0
0.0
-33.18691853199389
-27.743444387711133
39.61157725463778
-13.056356890497304
0.25461134046706596
-4.322764775106436
-0.5332850827140184
0.0
0.0
-32.87049918421722
-21.608267034015892
38.79354630618396
-11.579073278751258
0.37146229203661824
-3.519055754839264
-0.6720481433396894
0.0
0.0
-32.34293809589676
-14.282778092505499
37.83866739335775
-10.618373199117178
0.5240464001352054
-2.6746920212848364
-0.7375591844470005
0.0
0.0
-31.628817036006378
-6.194775703781028
36.75763040087139
-10.149651133641836
0.6867529397723277
-1.8477247812397868
-0.7481072362544736
0.0
0.0
-30.752033273990513
2.321977908045394
35.55881542181187
-10.136910405874492
0.8404254468348379
-1.0771431112542995
-0.7176294434331406
0.0
0.0
-29.734093731461392
11.008873024626563
34.24994338661878
-10.538267241952123
0.9718815613106655
-0.38728367049064827
-0.6579999829018559
0.0
0.0
-28.593744641527262
19.66781647244018
32.83868189819926
-11.308336900296405
1.072663820626319
0.20819774867025898
-0.5787658957386329
0.0
0.0
-27.346993796366018
28.14925185178985
31.33290142823178
-12.400439608409053
1.138011836769127
0.7034614956447238
-0.4875987758478052
0.0
0.0
-26.00740487486984
36.34248045790372
29.74068215583237
-13.768089855103513
1.1659346390187455
1.0982434823597174
-0.3905453180942731
0.0
0.0
-24.586473488524547
44.16778054531099
28.070221056157585
-15.36610875455192
1.1564624721818886
1.39615433105149
-0.2922970238773162
0.0
0.0
-23.094010124202725
51.569999056046335
26.329702686508554
-17.15140756873571
1.1110525710122485
1.6033820182141658
-0.19641703906252722
0.0
0.0
-21.538484532083068
58.51334204804816
24.527174245126208
-19.08352958095119
1.0321303127998713
1.7277134497109226
-0.10553873062165472
0.0
0.0
-19.92731512632299
64.97714888977842
22.67044254763054
-21.12500188359625
0.9227397925950945
1.7778044456869149
-0.021534754156091917
0.0
0.0
-18.267101093560417
70.95247467868832
20.766998771645792
-23.241539646337564
0.7862810890213372
1.7626439851201525
0.05433958633925329
0.0
0.0
-18.29879313780892
29.38998648280727
21.452441090112515
-42.98116007436571
0.4847376186880985
0.10903154843008674
3.574400537561401
0.0
0.0
-18.3664952148407
6.380024465859613
21.668231135711977
-44.0612800457806
-0.02922969858650962
-2.833809486517926
3.269193416927993
0.0
0.0
-18.45116556990998
-6.410103739102381
21.425738753753627
-40.11246950576048
-0.511954578279275
-4.904636913048931
2.1811267231216696
0.0
0.0
-18.376132553485327
-12.481174849387894
20.913390187810116
-34.98203307443315
-0.8680359552087265
-5.9304672673408705
1.1244876154618728
0.0
0.0
-18.083466671214957
-13.787479377835279
20.222021866724102
-29.884928820051144
-1.0813192084598482
-6.136646260170432
0.28860045322925526
0.0
0.0
-17.579735951675428
-11.652643804702425
19.38466340576146
-25.261860498502806
-1.1671629014654494
-5.7785045467073495
-0.31336956620226314
0.0
0.0
-16.889840031778466
-7.05694640536971
18.41575393228827
-21.28923214912463
-1.1523676842243806
-5.065904000369124
-0.7148532548235778
0.0
0.0
-16.039672724041438
-0.7507524480044152
17.32619474484009
-18.032910570908307
-1.0664490939756803
-4.156763949073284
-0.9566360703717751
0.0
0.0
-15.051639887372248
6.686288178589792
16.127271437231418
-15.502879190466809
-0.9372120170573152
-3.1649977672141545
-1.0759708006145494
0.0
0.0
-13.944419478326347
14.80698289790777
14.830912280770592
-13.676691598185737
-0.7886504156628107
-2.170139240012782
-1.1041242069076578
0.0
0.0
-12.733671331127542
23.26860010420539
13.44916706057013
-12.511885515612583
-0.6401342514201335
-1.2256764189394926
-1.06646453397126
0.0
0.0
-11.432760043509516
31.811183081178612
11.993719548558769
-11.953697226563765
-0.5063499715829356
-0.365692674122553
-0.9832135038287618
0.0
0.0
-10.053303593796471
40.24034493741339
10.475582856097487
-11.940342456763384
-0.3976641834701185
0.38999144491713866
-0.8702898097056195
0.0
0.0
-8.605559896371451
48.4134904034735
8.90495161707626
-12.406801309174789
-0.3206990254748191
1.0318835494217056
-0.7400769294273987
0.0
0.0
-7.098696927482246
56.22874911468959
7.291158553871275
-13.287571753791571
-0.27898421894043773
1.557828073829588
-0.6020782484283504
0.0
0.0
-5.540985697777117
63.61608782438027
5.642692172252971
-14.518662866662934
-0.2736031557893066
1.9707447922654084
-0.4634627267993285
0.0
0.0
-3.9399432854542873
70.53018585971193
3.9672461813948896
-16.039007318064485
-0.3037860503555862
2.276930287967462
-0.329515331868446
0.0
0.0
-2.302443265867916
76.94474138466367
2.2717824837262763
-17.791422401876584
-0.36742696306598316
2.48479308191328
-0.20400781348114383
0.0
0.0
-0.634804112165782
82.84793907012671
0.5625973798299133
-19.723218093698797
-0.46151682031411245
2.6039223227663535
-0.08950378493342606
0.0
0.0
1.057138111013686
88.23885921983376
-1.1546143903369477
-21.786529973612883
-0.5824939464870429
2.644412390288278
0.01239020804221983
0.0
0.0
1.0060551333338261
41.509097880559274
-0.8397398099582051
-51.34635770099984
-0.9107338758762525
1.5053675177223178
3.238876210195983
0.0
0.0
0.9279429818690194
17.1652086283916
-0.9238403765156431
-53.58844702450098
-1.8648613028737286
-2.1187848504582316
4.1711568943792
0.0
0.0
1.1123868912648958
4.047931576331558
-1.133615076435258
-49.284989561795506
-2.1854209433633174
-4.539259608337924
3.206005908566066
0.0
0.0
1.4262720977130938
-1.8351901155006023
-1.5490515001049956
-42.75508892218341
-2.2895997705197706
-5.8356591853911075
1.9010540491724033
0.0
0.0
1.911095755049474
-2.8386579296080434
-2.087299672475613
-35.94464230206857
-2.28308649863508
-6.224472317975323
0.7195689692989451
0.0
0.0
2.534041955728942
-0.46404343122029235
-2.744432936765243
-29.647027450635676
-2.2115767889434923
-5.966210243072735
-0.20452681926738703
0.0
0.0
3.282481262809021
4.244640204870332
-3.4996873343636814
-24.18608855007544
-2.097530939924626
-5.285301614190209
-0.8648731740733192
0.0
0.0
4.138592357525612
10.52649343430537
-4.340440776343347
-19.67306963829833
-1.9575826618076946
-4.357147687652693
-1.296475269991872
0.0
0.0
5.088472405003878
17.81335902828637
-5.252832049964824
-16.117867933609684
-1.806522599796481
-3.3115139786002548
-1.543944999143457
0.0
0.0
6.119026166188311
25.67744109600098
-6.22478699233142
-13.478887173169399
-1.6575623027657296
-2.240717372345478
-1.649804617306
0.0
0.0
7.218755470259204
33.79707455425676
-7.245078007203801
-11.687493725588538
-1.5218256688129268
-1.2079333575141684
-1.650731530682209
0.0
0.0
8.377212688766749
41.93239214305919
-8.303725644779192
-10.661231566064183
-1.40790459774438
-0.25430373200239437
-1.5769116111111294
0.0
0.0
9.58498134868909
49.90706356384962
-9.391838097268057
-10.31161714956739
-1.321749643623332
0.5953528616719277
-1.4525038041750493
0.0
0.0
10.83351420259653
57.59417081329227
-10.50158669211786
-10.549095756650923
-1.2668202605806307
1.3280994026912634
-1.296463370564628
0.0
0.0
12.115055191537087
64.90512044570158
-11.626092325149308
-11.286303966276527
-1.2444140924819813
1.9394788335420565
-1.1234013941539907
0.0
0.0
13.422550982108543
71.7808866438037
-12.759328786843403
-12.440233644029158
-1.2540761716305608
2.430939761378876
-0.9443737598329023
0.0
0.0
14.74957952981569
78.18508984088058
-13.896019657280824
-13.933619073394908
-1.2940237947738735
2.8079055980835284
-0.7675629727446464
0.0
0.0
16.090282224280713
84.09853752283291
-15.031546167785093
-15.695755279038982
-1.3615424990940794
3.078340626254806
-0.598852271463951
0.0
0.0
17.439303204138433
89.5149351286484
-16.161863693906888
-17.662890803538467
-1.4533302511247044
3.251696850007161
-0.4423014599175819
0.0
0.0
18.791734265157434
94.4375329441131
-17.28342872721668
-19.7783042020871
-1.5657801649565224
3.338151338470668
-0.3005379241892802
0.0
0.0
18.60403260896636
45.50213895418695
-17.245895326274503
-56.53459193587026
-1.949968032924087
2.5135724380008564
2.2851759198002264
0.0
0.0
18.644698333727828
21.709204167521964
-17.27810349171823
-58.77492261682132
-3.485780912081277
-1.5294373061923392
3.7872240317282224
0.0
0.0
18.528448845421998
9.369732657898988
-17.78881009739841
-53.65141678426024
-3.7856903861443123
-4.2013168530764595
3.1746771842836017
0.0
0.0
18.859938334458988
4.1676901669093915
-18.046661171079748
-45.97853967879462
-3.664682309425895
-5.6645528739962545
1.9763720723039655
0.0
0.0
19.31048057978217
3.6260856448546246
-18.365959053896688
-38.03233476123287
-3.3618560055385585
-6.169190754067013
0.7374859372561824
0.0
0.0
19.885152001055445
6.214123304558758
-18.706201483692453
-30.719930796225846
-3.030295068068604
-5.997157233946135
-0.29649616828857467
0.0
0.0
20.534410045060167
10.900019202076887
-19.094227049953407
-24.44224161910918
-2.716738702058612
-5.371799204576844
-1.0724891547737176
0.0
0.0
21.2441947200156
16.9631632704448
-19.52183944254575
-19.31558241049573
-2.4423690420362205
-4.470864887092551
-1.6007998602999272
0.0
0.0
22.000634852574493
23.882357459405497
-19.98377297979135
-15.32996281707629
-2.212786246997932
-3.4268690671477753
-1.9188829612959917
0.0
0.0
22.794447606133613
31.275028853147475
-20.472115731321804
-12.411204211365657
-2.0289421657177806
-2.336246976011196
-2.06927557263171
0.0
0.0
23.617623861972973
38.8585555544022
-20.979653354176012
-10.456711283469389
-1.8895167954291945
-1.2665962229562708
-2.092084052193667
0.0
0.0
24.46322759089676
46.42485819082709
-21.499834775442384
-9.352866892164466
-1.7922266890157925
-0.2634056665428592
-2.0218949950534078
0.0
0.0
25.32500355124437
53.82237946380387
-22.027010794816523
-8.984740991134085
-1.7341533196761265
0.6445338814805597
-1.8872132669980926
0.0
0.0
26.197266921982973
60.94281753245233
-22.556378108110135
-9.241393148110976
-1.71190602301246
1.4408052504280433
-1.7108254993290706
0.0
0.0
27.074832915065063
67.71105577227407
-23.083893445749396
-10.018847563671788
-1.7217331783860212
2.1180007741383915
-1.5105277414540403
0.0
0.0
27.952976000315793
74.07739760526901
-23.60616668604279
-11.221679626886042
-1.7596469771921464
2.675134704074011
-1.2999241867785012
0.0
0.0
28.82739535978201
80.01152873531123
-24.12035983263308
-12.763744154065144
-1.8215579798706818
3.115675741268559
-1.0891808538260528
0.0
0.0
29.694181768329518
85.49780973085285
-24.624097932170628
-14.568344417194561
-1.903406750757218
3.4460659007943715
-0.8856895864193243
0.0
0.0
30.549545687242155
90.2713879485024
-25.11704287707153
-16.90259083131174
-2.0020379971012656
3.6913468837618018
-0.6984737264961604
0.0
0.0
31.39551952540721
95.0931757092098
-25.58892382026726
-18.628543549602103
-2.133850999520334
3.7820749491232544
-0.509447235462906
0.0
0.0
31.138212630700302
46.34861532700369
-25.79904221651094
-59.98344273664566
-2.508625634171688
3.176283316352872
1.0470519873901134
0.0
0.0
31.370512689798904
24.777623122022156
-25.68889841525623
-60.395392992746416
-4.63708487125621
-1.1324840057032466
2.547028785621843
0.0
0.0
31.01189784406345
13.956649868831756
-26.492263761873748
-54.10499339783517
-4.9183377101985375
-3.9172689087896
2.0068208394226468
0.0
0.0
31.06982659419966
9.638596842472484
-26.91580767748421
-45.54155498511764
-4.692429585255119
-5.481561227668734
0.9740768007436053
0.0
0.0
31.365223277230275
9.418121575425015
-27.1297916618125
-37.11426790497067
-4.244803435624245
-6.057503085024442
-0.10834337936470215
0.0
0.0
31.797126293519753
11.934270431277744
-27.22692077764739
-29.605495150459614
-3.7601899797027776
-5.938807552658696
-1.021287965992077
0.0
0.0
32.29352267861243
16.283505112374684
-27.27423939516128
-23.310406506261014
-3.3127269349033135
-5.356317634414994
-1.7006873552873616
0.0
0.0
32.81550588668766
21.836686119062534
-27.30405104070063
-18.283253838223963
-2.9311833634126163
-4.4869318301795005
-2.1486567871161446
0.0
0.0
33.34215715876733
28.148447328524103
-27.330108777009585
-14.45669463042849
-2.622485944535699
-3.4626818555251027
-2.3950726380875227
0.0
0.0
33.86197891343689
34.88498400322284
-27.356922559518424
-11.727985538887602
-2.3833166127981165
-2.378366354595949
-2.4787532018307825
0.0
0.0
34.36869879991724
41.80130564977702
-27.384229782170493
-9.969233422627868
-2.207330346857598
-1.302022670679751
-2.437485251242612
0.0
0.0
34.85834536646638
48.71656798456073
-27.410213093250068
-9.048698316349077
-2.0867228620158818
-0.28043487380144466
-2.3050615314595464
0.0
0.0
35.32820803972282
55.49818186222937
-27.432527128247248
-8.83914507689131
-2.0135818633858737
0.6556978663547637
-2.1099250576768913
0.0
0.0
35.776236072111885
62.05030689518792
-27.448866760416188
-9.222197327933898
-1.980389859378489
1.487757506402171
-1.8751510189681562
0.0
0.0
36.20074763679198
68.30530046005377
-27.457195690288202
-10.09029479064877
-1.9802306991425165
2.2060772536129996
-1.6189442101622178
0.0
0.0
36.60029009564461
74.21720884133914
-27.455814450303762
-11.347354179769258
-2.006859708248978
2.80751941161786
-1.3553196783468981
0.0
0.0
36.97357441229147
79.75674609534714
-27.443354458541155
-12.908687357773724
-2.054715937027297
3.2936119844753975
-1.0948010386963947
0.0
0.0
37.319443982685804
84.90739063284974
-27.41874298136664
-14.700492496904545
-2.118908080460476
3.6691245162490835
-0.8450638247629471
0.0
0.0
37.63685871787001
89.66233883030047
-27.381160298363227
-16.659105757918855
-2.1951865551126026
3.940987566318493
-0.6114968979844168
0.0
0.0
37.92488557467557
94.02212375651594
-27.329998320911958
-18.730130492744905
-2.279906689306458
4.117479889444402
-0.3976772028051945
0.0
0.0
41.968198658722116
62.99971760270475
-30.40522792621216
-38.414163270595004
-2.8492090299413944
2.6628613773440706
-3.5638543617474423
0.0
0.0
46.04529704469599
48.464693193657986
-32.68507605988746
-34.99792107314522
-5.038825014410836
-0.6016356368162935
-4.740501769213351
0.0
0.0
49.2190131405465
39.90081652291364
-35.42858977382601
-30.90549864993983
-5.811449196175034
-2.5402740965203394
-6.079266275060768
0.0
0.0
52.09315677838986
35.49361426986836
-37.865999799578034
-26.680215960199014
-6.169606813145113
-3.6175694802854346
-6.961782736031251
0.0
0.0
54.72256379103237
33.94427242721992
-39.96787366728531
-23.15868203402848
-6.269980626509306
-4.018281994567521
-7.409794575856175
0.0
0.0
57.1238399197915
34.47972767323952
-41.75730407658363
-20.4562049798402
-6.219752189979845
-3.9418565961413803
-7.477797146023082
0.0
0.0
59.29920788137856
36.546361238167094
-43.27462832890641
-18.539946442748526
-6.073885495348356
-3.5442470848075827
-7.244102698045147
0.0
0.0
61.25283911577308
39.72596334259518
-44.554551315105506
-17.3225532615985
-5.86727117757172
-2.9447756878246283
-6.784253209410052
0.0
0.0
62.99183615501931
43.692778643602416
-45.62457899270143
-16.70560288239315
-5.623704074099391
-2.2323919288346037
-6.164553894911559
0.0
0.0
64.52522484468811
48.19022241852498
-46.5064474034632
-16.593906674839644
-5.360253913492481
-1.4722993392437678
-5.440349204643888
0.0
0.0
65.8628384654624
53.0156747191244
-47.21783389502083
-16.90058251909247
-5.089410566976278
-0.7114160076919108
-4.656430209246609
0.0
0.0
67.01457170141634
58.00952047785373
-47.773617848646616
-17.548449558636722
-4.82032675321881
0.017307083254633482
-3.848196906353238
0.0
0.0
67.98996448361288
63.046768711905024
-48.18670299591864
-18.469967347028568
-4.559628008090247
0.6915334454936669
-3.0430298592318388
0.0
0.0
68.79800670137415
68.03044228285863
-48.46852940591899
-19.606588051790006
-4.311992116048512
1.29695261911924
-2.2616310046346197
0.0
0.0
69.44707309220259
72.88627470987576
-48.62938997083058
-20.907896336913147
-4.080588652252978
1.825285148860794
-1.519234327662236
0.0
0.0
69.94492828775005
77.5584135196924
-48.67863037450671
-22.330706069680325
-3.867423334221144
2.2727457280301064
-0.826653107078044
0.0
0.0
70.29876592125795
82.00591797650479
-48.624781786378215
-23.838191526134008
-3.67361160051138
2.6388597506770792
-0.19116218451327255
0.0
0.0
70.51526142665351
86.19989334352216
-48.475655353566076
-25.399086987438523
-3.499596484220932
2.9255526407857935
0.38277164200945146
0.0
0.0
70.60062771032396
90.12114033901621
-48.238414998743345
-26.9869667913488
-3.345321284127951
3.136449941684561
0.892892186477369
0.0
0.0
70.56066839801719
93.75822452795364
-47.91963757022403
-28.579606890323493
-3.2103651174955834
3.2763404130462397
1.3386692643205729
0.0
0.0
73.93593399387115
58.27160795924344
-48.487574724832136
-57.19280096164411
-1.0233015623392576
1.9885104218265606
-0.8887116546317106
0.0
0.0
77.32408786815908
44.67134267069221
-48.38367261299033
-49.40830305545155
-2.465690523816818
-2.591215105520097
-0.6558894283389235
0.0
0.0
79.34659720680104
35.92332669447615
-49.51630573093691
-44.19909011764954
-2.0876144711852
-4.9712390089156795
-1.4840870262193613
0.0
0.0
80.92182591551612
31.521555061419317
-50.59598851568916
-38.29729418467347
-1.8129160793302164
-6.36748374820695
-2.0142868839696653
0.0
0.0
82.11490814017641
29.87774552153597
-51.571839405195625
-33.35288743346325
-1.5811929405732101
-6.877067089716271
-2.3102900215114777
0.0
0.0
83.00237969872165
30.310892045823646
-52.38061087336786
-29.281724389512828
-1.4656463740208288
-6.769434369266781
-2.361212996629748
0.0
0.0
83.61538695342188
32.275919140428385
-53.022035779085485
-26.072226065609595
-1.446959429265163
-6.229281115258693
-2.219980814783072
0.0
0.0
83.98016054471489
35.36879129394695
-53.49938689036574
-23.626269761781458
-1.5063256444054347
-5.407341313753351
-1.9352505874201884
0.0
0.0
84.11886234276837
39.26855113052696
-53.81806552221341
-21.847825397283078
-1.6232186211111577
-4.418133955791553
-1.5517543955777586
0.0
0.0
84.05152296958005
43.72006275769922
-53.98303375832902
-20.644481754875816
-1.7802781373501724
-3.3483406168822785
-1.1068497726753095
0.0
0.0
83.79607039225994
48.520030964970424
-53.99911992133444
-19.93245894484359
-1.9632442194218267
-2.2622148004393683
-0.6309352588335092
0.0
0.0
83.36839340141798
53.50736571227378
-53.87129442032949
-19.636624487597516
-2.1607553429117736
-1.2063875281169367
-0.14811529003471188
0.0
0.0
82.78241916241151
58.55543287571124
-53.604909406689956
-19.690166641621882
-2.3638951104417774
-0.2136868913826559
0.32292601060085036
0.0
0.0
82.05026503652024
63.56577729951296
-53.20579908804049
-20.033939071934842
-2.565774163883087
0.6937847421973606
0.7680920029287285
0.0
0.0
81.18243176972975
68.46294616248136
-52.68028308004169
-20.61579003759926
-2.7611632827113657
1.5022004910077236
1.177117311167939
0.0
0.0
80.18801427865417
73.19021004859168
-52.035106687641346
-21.389907735042936
-2.9461882092968428
2.204063218646893
1.542905899278152
0.0
0.0
79.07491087575094
77.70602196979819
-51.27734793645172
-22.316204337390495
-3.118078293033743
2.796666987763611
1.8609608570956486
0.0
0.0
77.85001946450919
81.9810895456608
-50.414311295544906
-23.35974070561991
-3.274960164093884
3.2808846008682875
2.1288984033874594
0.0
0.0
76.51941455028917
85.99595744583523
-49.453420868238965
-24.490191976579112
-3.415687739589293
3.6602153599837917
2.3460363320814754
0.0
0.0
75.08850261483845
89.73901477645151
-48.40212054547232
-25.68135310226325
-3.539701269051718
3.9400396077077797
2.513046952852731
0.0
0.0
77.99582627579017
187.03067212319607
-47.02918276281654
167.47574533375055
-2.5583922869526705
-8.042475639796855
0.38012049456055824
0.0
0.0
76.90340403268544
178.0778582419759
-49.4852917577926
120.90247391690892
12.596690380221565
7.833518009637348
-8.384184911374177
0.0
0.0
79.54558870555555
177.3969035207577
-45.142806028752474
112.59961194976935
11.154585699672682
11.66258861569683
-4.905096303199988
0.0
0.0
80.371492410492
168.2858957757557
-42.87846495611874
85.81654269807048
11.02445166849512
15.887378417142543
-2.4132772520158654
0.0
0.0
80.4398201546333
160.70046189856416
-41.24139645458569
64.86418976564771
9.524112419044197
17.567726268031418
0.7285155760883615
0.0
0.0
79.56066609207562
152.99100448701384
-40.574403559634206
44.38470545905464
8.251299897977349
18.252939128409437
3.2998813448357414
0.0
0.0
78.04990540597444
145.94336528592683
-40.42259480816471
26.353949677882763
6.939271982117075
17.972386609445312
5.46459649622433
0.0
0.0
76.05454495115404
139.3526788787962
-40.579043775694785
10.123128678439736
5.723819004957464
17.087251670769923
7.118469705612779
0.0
0.0
73.72643678661106
133.2500448270239
-40.833619234591715
-4.287285838035546
4.571379318834521
15.761758822348297
8.298813061404582
0.0
0.0
71.16786018028763
127.61351739063409
-41.05122541630131
-17.023505709793287
3.487084486354965
14.144205733799154
9.02717137548142
0.0
0.0
68.46260121575618
122.40746021241935
-41.13384885486637
-28.26624415943895
2.4617882564334526
12.3463921856858
9.344366219616951
0.0
0.0
65.66786120616342
117.64201014165968
-41.021990949854946
-38.086013220202375
1.4855493177403174
10.442483806750932
9.303330762309885
0.0
0.0
62.822864181673935
113.30064371958723
-40.684245968185465
-46.61737747376082
0.5561524500738952
8.498136779265996
8.955871360160097
0.0
0.0
59.95415893142406
109.37547399679859
-40.10766549027642
-53.9641675972609
-0.3319484677449818
6.5603640754137516
8.360372060653932
0.0
0.0
57.07711018562086
105.85546148120099
-39.29450752353184
-60.23108915367694
-1.1806189251443944
4.6671344298365165
7.5736149911894834
0.0
0.0
54.19925816014345
102.72844206713407
-38.2567832354473
-65.51554261014407
-1.9901803168391692
2.847950948325435
6.650493195064367
0.0
0.0
51.32253567140502
99.9799578852866
-37.012764758392095
-69.90993841531511
-2.7589847594074
1.1259373116601779
5.641785532823721
0.0
0.0
48.44528333527714
97.59328506060979
-35.584041622307105
-73.50081818309582
-3.4839020472565214
-0.4812596082062498
4.5930668650162705
0.0
0.0
45.563655228830356
95.51477649118827
-33.99353598452201
-76.42038775692919
-4.160638112923545
-1.9577232392845596
3.543440246914711
0.0
0.0
42.6740682875386
93.79718323893313
-32.26279904580502
-78.61622837208883
-4.788094642322302
-3.3067333128405263
2.5291405358121217
0.0
0.0
42.59259615184905
0.6655112602723339
-31.453214693918667
-195.25073014978807
-3.926834994658045
-2.87452712615007
-1.805013957809666
0.0
0.0
43.56776027927629
-29.1414494123505
-29.276257506779896
-186.233936962813
-12.219832315434733
-18.101335877028575
1.3628022173397842
0.0
0.0
42.186306912259475
-45.88998874924796
-29.795355653621524
-178.53772737900613
-12.053001039413308
-25.05697843553246
-4.004253188185268
0.0
0.0
41.01072175839961
-51.38213672490426
-29.582577907452055
-160.58619431364656
-13.00786754671939
-29.961488640851243
-7.041048054045144
0.0
0.0
39.56879633400148
-51.18979948055597
-29.29474492867622
-143.32351761354386
-13.230931938051334
-31.66723820992765
-9.576319956430748
0.0
0.0
38.02189143963109
-46.68869169857105
-28.765204656881302
-125.96846478153024
-13.415453986995752
-31.464859336845183
-10.897299848643001
0.0
0.0
36.31605817675834
-39.37648752896492
-28.106314304916598
-109.67227357211107
-13.33387459793268
-29.81885921893275
-11.412296400028719
0.0
0.0
34.48027804679955
-30.189236913164496
-27.314416560327917
-94.50374744611473
-13.040675528310103
-27.274752948897792
-11.258219761008847
0.0
0.0
32.53257945926074
-19.901035805951523
-26.39461174472058
-80.66075086195366
-12.53688166768277
-24.192706129651615
-10.642734174247904
0.0
0.0
30.498686287572138
-9.090529368763331
-25.337017430534647
-68.20684844469068
-11.864089064322515
-20.855313244870633
-9.714017136047323
0.0
0.0
28.398943138372303
1.828195538248596
-24.135550305721637
-57.121811496772295
-11.06461809230399
-17.465906952920893
-8.600917909488794
0.0
0.0
26.248906008208813
12.509324086576731
-22.78706758546273
-47.45626981549713
-10.179202813868276
-14.160179732917259
-7.396376228462369
0.0
0.0
24.059392472389053
22.75217268834164
-21.293673362290473
-39.109116324362766
-9.249982267513907
-11.043185890095815
-6.169158701010524
0.0
0.0
21.835225779977865
32.404725999715836
-19.664023135851068
-32.022059001415975
-8.306222887949499
-8.17416537427912
-4.973516775319206
0.0
0.0
19.578867466263556
41.37814726966185
-17.90920823735772
-26.10222956742293
-7.374825180775831
-5.590892725193989
-3.8427553329328035
0.0
0.0
17.290066902188276
49.625877065026174
-16.04359450909269
-21.251189930929925
-6.474659621293057
-3.3103807595261516
-2.8000488284228324
0.0
0.0
14.967455244375172
57.133977008671835
-14.082851405104204
-17.363724846354458
-5.619601871092734
-1.3357577863443955
-1.8586779390348507
0.0
0.0
12.609151978116534
63.91136119437726
-12.043231079977105
-14.334480648075003
-4.818834590236624
0.3403859343390806
-1.0252261330759818
0.0
0.0
10.21338224042648
69.98294256786014
-9.940748260922296
-12.060382603880603
-4.078051570177972
1.7326790558251177
-0.30111401298596663
0.0
0.0
7.77881302588932
75.38410926569195
-7.790695365987586
-10.44325536991632
-3.400215465818406
2.8606270978145933
0.3158779240811845
0.0
0.0
6.9021038514657445
146.87100429977642
-4.022061843972966
145.43606918821757
-0.9891452120863414
-5.991076147609809
1.017235848253602
0.0
0.0
3.738956350298422
146.3613029237065
-2.8685497943049247
128.3857064871791
9.84557299662085
11.425921028611562
-5.1548851831383615
0.0
0.0
2.748071714428038
145.2568503593678
1.6755203627149804
126.08871463547678
9.009751209531206
17.536016045350244
2.4487008997810094
0.0
0.0
0.5015151403616672
137.906963330473
4.6057869786898396
107.9140872515123
10.893395753340366
23.474875675446302
4.344587418031871
0.0
0.0
-1.7551811705955243
131.15735820184875
7.6480344417454305
94.32366540032277
10.769358902598231
25.399336900094763
7.0664898184018305
0.0
0.0
-4.445632543844294
123.50270562081411
10.164981462755591
78.74284167275192
10.860377178159226
25.980280099352424
7.9763506111663744
0.0
0.0
-7.297363444268154
116.16053450474915
12.517435427080853
64.57595494208859
10.33377684374506
24.99732043071545
8.541655892372091
0.0
0.0
-10.34893243988545
108.99295476905041
14.631396735839283
50.71419193369081
9.654387060765252
23.245114820933292
8.396805878505871
0.0
0.0
-13.517316251863717
102.31139836405485
16.606528254098297
37.84036101503986
8.702161778159551
20.899801165875378
7.957540171070133
0.0
0.0
-16.78522429612953
96.17098156268098
18.45395784366669
25.81348127241974
7.616323018182732
18.27048526245651
7.221122512218598
0.0
0.0
-20.11229637513786
90.6421428558994
20.21644362237829
14.710500286304162
6.411988238632463
15.511401401211637
6.355676552372716
0.0
0.0
-23.4751268821216
85.76914551677692
21.9151130275363
4.538938528375159
5.155874538976641
12.75565210548932
5.410605219119845
0.0
0.0
-26.847858951016335
81.56546501743532
23.574877631247222
-4.70299793269599
3.8857792326175655
10.08763809800999
4.4597007263786255
0.0
0.0
-30.20938624818673
78.02247610127702
25.214630505773265
-13.047536237544737
2.6448375274644476
7.5688368867443945
3.543787638544859
0.0
0.0
-33.18165869790638
62.92707630474402
27.44707955157016
-53.20208940769797
1.1540886711932863
8.389323302749252
2.8585078224311715
0.0
0.0
-35.99372174094058
62.02652578951051
29.744552468426523
-57.17039252153267
-1.6413836516223599
3.0146794740437377
3.40782185902952
0.0
0.0
-39.26535010841384
61.97570075540852
31.338353017491656
-62.25025784617367
-2.1214024921139245
-0.22721968645229362
0.7862337447777367
0.0
0.0
-42.323911916708376
63.22964798119567
33.1146441444201
-63.804372605632096
-3.454483815348004
-3.307229102128242
0.6187885766107724
0.0
0.0
-45.48472768020774
64.79983602693756
34.6602548080787
-65.76280976830232
-3.8560627440703485
-5.224587093944957
-0.5408877172634434
0.0
0.0
-48.49763419742785
66.88782807694027
36.29915692531169
-66.2165404769514
-4.480313506698348
-6.832942474655903
-0.6375472768958761
0.0
0.0
-49.05442967585699
41.562377901156424
38.41704305748323
-81.35372370001028
-3.117322716810045
-9.292480954569408
-2.982449694764317
0.0
0.0
-49.68016048461924
29.198390482456333
40.53319102046906
-77.21954360823331
-4.24225901747206
-13.185695684971607
-1.308744469898746
0.0
0.0
-51.098669279857845
21.927158698802053
41.69048806773156
-74.19859664241876
-3.6136943322901938
-14.296690012494453
-2.9789364978577093
0.0
0.0
-52.59938776128054
19.03348843302994
42.815145789543585
-68.36665042371337
-4.069386959499587
-14.82556498645296
-1.9186156525758042
0.0
0.0
-54.47918609178068
18.720935143225926
43.50087447973169
-63.561230819366266
-3.6807533033710587
-14.14660852558099
-2.465572498997655
0.0
0.0
-56.37484221784712
20.53564146783737
44.21629385005542
-57.91970086183223
-3.7774897578635684
-13.292979237812942
-1.711720013172955
0.0
0.0
-58.41581487630259
23.55303773094208
44.77265367335021
-53.140104633544624
-3.4734758942778967
-12.004805104631577
-1.8062961950286935
0.0
0.0
-60.4165044699556
27.476857569797968
45.405513881850574
-48.36223730119572
-3.412878266621537
-10.752817600048564
-1.2793124365115625
0.0
0.0
-62.44091272672549
31.825336909529113
46.0144014285291
-44.35402893626147
-3.166965773873446
-9.412950808425467
-1.2205847125158484
0.0
0.0
-64.3960879185453
36.43212380195816
46.713689205659016
-40.668960604752996
-3.0538963563188415
-8.19893789607425
-0.866521876030203
0.0
0.0
-66.31787344161242
41.0521136925167
47.442971720867234
-37.64355606940631
-2.857746593280433
-7.042076346847041
-0.7788790622900821
0.0
0.0
-68.16135070904329
45.60279549047936
48.25403812737086
-35.022874381417516
-2.737872172269744
-6.034674312488882
-0.5534177563626683
0.0
0.0
-69.94864459151694
49.96678529738629
49.10703325015603
-32.93988184795973
-2.5827144914729594
-5.133291010823414
-0.4823979464239351
0.0
0.0
-71.65930120948913
54.11133978937911
50.022063881939125
-31.23657721739015
-2.4727557067068675
-4.372869850303187
-0.34975079471433035
0.0
0.0
-73.30775544061117
57.98726756519601
50.971243225124766
-29.951616916795203
-2.3496760912020727
-3.72319212757962
-0.30753860033423447
0.0
0.0
-74.88563574252409
61.58927462368033
51.95924148216232
-28.981014587929657
-2.254130455283094
-3.1928175783907546
-0.2401978729271273
0.0
0.0
-76.4025209948695
64.90357738680495
52.965936640184374
-28.3221900284384
-2.1556224237691635
-2.75957865568448
-0.22599026169924824
0.0
0.0
-77.85567797278313
67.93869549965375
53.989056520139464
-27.904019786708016
-2.0744580294950965
-2.420756746786918
-0.20360816204864296
0.0
0.0
-79.25137432900583
70.69825448914831
55.01391643067358
-27.708318050473117
-1.9948268745925624
-2.1597231316467345
-0.21237774072614227
0.0
0.0
-80.58922467291592
73.196711035983
56.03567564881036
-27.68536561278322
-1.9265988513742316
-1.9697569906417625
-0.22030403296414883
0.0
0.0
-80.73723967479023
68.19716702805368
58.18261173325024
-14.460371339626587
0.036336969107570144
-3.123314520649898
-1.3927896483448372
0.0
0.0
-81.11581438012536
62.15782870794806
59.9692122544112
-11.766213273683679
0.8430693671094263
-2.04252350572208
-0.4045468619447503
0.0
0.0
-81.84390280878435
57.8566852454766
61.22050203749348
-10.184137247592338
1.356487863408777
-1.0728556467444854
-0.6838523648940048
0.0
0.0
-82.74035066824281
55.05078926486591
62.19571342346397
-9.059057684258597
1.2868201795077403
-0.3526244299776047
-0.35022460451717896
0.0
0.0
-83.86881647801766
53.32282250855713
62.79260326480398
-8.788643835213247
1.19969054444818
0.24109512227779192
-0.5283822214918663
0.0
0.0
-85.10465649163866
52.5424177379823
63.18314004747283
-8.877193480563784
0.908240188413405
0.6388832375551584
-0.4214938530052905
0.0
0.0
-86.44799773679871
52.465267222312434
63.35680597943647
-9.451409292191142
0.6385480252731601
0.9111848816833243
-0.5215313074640806
0.0
0.0
-87.82547840233968
52.976417762750984
63.412084405481586
-10.28112482600769
0.30621940653138735
1.0486935482028836
-0.5005266193108481
0.0
0.0
-89.22171179791928
53.92531354167917
63.36333127926814
-11.38722018136838
0.001707075805399333
1.0911447271270593
-0.558422239935056
0.0
0.0
-90.59594688971649
55.22416082598191
63.263587330534264
-12.653418231402359
-0.30776769109504787
1.046099463490113
-0.568834158480548
0.0
0.0
-91.93378029964062
56.77815136147758
63.12814529961073
-14.064973769837465
-0.5870241992678389
0.9371875575726162
-0.6072392723487247
0.0
0.0
-93.21419346745363
58.52362336734388
62.983180436711294
-15.559767853038517
-0.8475098598486882
0.7750218170302082
-0.6285612826227446
0.0
0.0
-94.42824829998582
60.399475706701516
62.83792764168697
-17.116669482164088
-1.0767113950315232
0.5743872376521341
-0.6592007012440482
0.0
0.0
-95.5667505933772
62.360844238354474
62.70285534604766
-18.70112405252031
-1.2788566941297217
0.34444535534398196
-0.684518118051684
0.0
0.0
-96.6262404246687
64.36808745094689
62.58064600084124
-20.2950453274172
-1.450666102886774
0.09459584575685247
-0.7130772598992092
0.0
0.0
-97.60452818998176
66.39060326511157
62.472728036511
-21.878678687501193
-1.5945386443682061
-0.1684327005536156
-0.7406505323763704
0.0
0.0
-98.50222250457465
68.40259766500174
62.37690165675177
-23.439505935301344
-1.7108700554683358
-0.4386806947801135
-0.7698107013390085
0.0
0.0
-99.32108339097951
70.38373062857823
62.28970763928246
-24.9663682838728
-1.8018725789759362
-0.7116750733456627
-0.7994918060196436
0.0
0.0
-100.06418760374325
72.31736282847312
62.20610331994311
-26.45167677237947
-1.869313462247353
-0.9837744535445719
-0.8303831227902527
0.0
0.0
-100.7352537496608
74.1903156802607
62.12040382203428
-27.889490600858174
-1.9154674546947703
-1.252251171911893
-0.8622128557776882
0.0
0.0
-98.79208723683885
75.9574206620114
61.743666292231026
-4.8411028030109575
0.5424041169546009
-2.538648279802594
-3.943349982506991
0.0
0.0
-97.04703214784422
72.2524210040538
61.38212012685764
-2.274194237700829
1.490506669953204
-0.26303298418101195
-2.3064183212758493
0.0
0.0
-95.81782594054738
68.79388892746
60.561005159123305
-1.7835426866711932
1.9647878037691158
1.1618183235222284
-2.316894723079162
0.0
0.0
-94.90354375310388
65.93728637384169
59.56395380078543
-2.412058443492164
1.7845039708877335
1.9615576241568444
-1.956991634912802
0.0
0.0
-94.35379086729976
63.62922521516115
58.28547163718658
-4.049765974121249
1.497486631083781
2.342911382013027
-1.8526694136546007
0.0
0.0
-94.07861061867466
61.9510609125504
56.82946902005897
-6.180779960106527
1.1022885375713956
2.3897700588027266
-1.6940948455212212
0.0
0.0
-94.03450884066085
60.84323378171474
55.23082199817183
-8.65655115877807
0.7088392855773881
2.204536482789569
-1.5698643895496973
0.0
0.0
-94.16211885065826
60.26244822287588
53.55074940692437
-11.29849231739788
0.32981833813175676
1.8514747706546704
-1.4366956620994973
0.0
0.0
-94.41463026212897
60.14319902693463
51.83411906004524
-14.014075025374847
-0.01267183842220504
1.3847454398195291
-1.308030755106853
0.0
0.0
-94.75004181304492
60.412638864168095
50.121674762290084
-16.734159226110677
-0.31486508500615573
0.8446391043859406
-1.1798171035064613
0.0
0.0
-95.13260333178312
61.01397124803921
48.44642123342322
-19.406892489194167
-0.5727845178826065
0.25904981478504685
-1.0573260731768055
0.0
0.0
-95.53313701552896
61.882688233376605
46.8340818286249
-22.007601196186258
-0.7871272290089997
-0.348738677639565
-0.9413111138794058
0.0
0.0
-95.92775285244717
62.963281799724456
45.30411780916686
-24.517525539338806
-0.9595961848410658
-0.9628713575120488
-0.8343733469612011
0.0
0.0
-96.29713607814432
64.20555444864405
43.87059729614848
-26.92772857069235
-1.0928733132229007
-1.5714709957742343
-0.7382514022749059
0.0
0.0
-96.62580162335351
65.56504039889163
42.543030269307906
-29.235373812460058
-1.1901841509311963
-2.1658637476915494
-0.65443961421604
0.0
0.0
-96.90088322776366
66.99727353099856
41.327720548780626
-31.449601189281097
-1.2554075422696183
-2.739319369741149
-0.5838909250895798
0.0
0.0
-97.1130100310807
68.4799209065018
40.22696934779901
-33.55580554743735
-1.2920619957854735
-3.2889518708428604
-0.5280621096269147
0.0
0.0
-97.25398486796593
69.97942034054553
39.24125941508956
-35.57076140616149
-1.3033541872635708
-3.809081646099395
-0.4872953765062048
0.0
0.0
-97.31665584580945
71.47066463974568
38.369887613030215
-37.50053648537627
-1.293645961191919
-4.297427840765642
-0.46186411185995546
0.0
0.0
-97.29485180116693
72.93251149048884
37.61079282817297
-39.351552714492286
-1.2667004122976118
-4.751847119929012
-0.452215095086279
0.0
0.0
-96.03701825260245
56.824412889762066
38.20477990103611
-47.817117299881595
1.0856527382616192
-5.427138234270601
-1.9924049908265802
0.0
0.0
-94.57015479514878
48.78702048568985
39.29272580096463
-46.311271452265444
0.9216810307643339
-7.1428702631628616
-1.080330549860338
0.0
0.0
-93.52935924316932
43.666223815970255
39.764328249231845
-45.25462531900612
1.1960832012983142
-7.795197481705977
-0.8655903595720904
0.0
0.0
-92.65988837374518
41.114948513668494
39.99690519606605
-43.68248454699716
1.281779272260695
-7.994588795746176
-0.6314425774917987
0.0
0.0
-91.90320822610498
40.30194275910476
40.04948597037886
-42.14707032099127
1.2774741292689789
-7.855995400774669
-0.4956290108473837
0.0
0.0
-91.18482790173752
40.72613155879337
40.010772306458975
-40.76849626076293
1.1774223049692298
-7.517779402014709
-0.42998612520768964
0.0
0.0
-90.44791568699591
41.9969602656581
39.942218143427255
-39.648204021190395
1.002970578155693
-7.062577492885567
-0.42759772490288517
0.0
0.0
-89.64633501004883
43.84893064886147
39.891128732088646
-38.81758755025466
0.771314868855993
-6.54759310458524
-0.47960999932459886
0.0
0.0
-88.74326149898675
46.05791463927353
39.88982471511002
-38.298808197984314
0.5022052877838018
-6.003742067236223
-0.5768257153827717
0.0
0.0
-87.7109065178293
48.479733270723266
39.95981294829865
-38.066032286574696
0.20868120416477143
-5.452584718827842
-0.7120094645241698
0.0
0.0
-86.52966926184165
50.999595308913655
40.11115593895312
-38.091363065053685
-0.09662883922859772
-4.902009714651567
-0.8788429595600732
0.0
0.0
-85.18678011841651
53.53171255673961
40.34542807663264
-38.33313963094737
-0.4045240071327209
-4.3541617346059605
-1.0713793851990214
0.0
0.0
-83.67557393612105
56.009650604133675
40.656912645821244
-38.74327657816561
-0.7080559932077938
-3.807051373488478
-1.284308212291053
0.0
0.0
-81.99454038126987
58.38064472210044
41.03419946900644
-39.26988536190658
-1.0022745076610147
-3.2566091390721383
-1.5127141629277643
0.0
0.0
-80.1464299981619
60.601585277240545
41.46165011666404
-39.85972034710015
-1.2838488507107884
-2.6981196762057915
-1.7519975918401898
0.0
0.0
-78.13740456956268
62.63645159392229
41.92075657730161
-40.46023482322214
-1.5507270156526627
-2.127255928077414
-1.9978245062157898
0.0
0.0
-75.97625607999949
64.45482787012449
42.391354183007714
-41.02137781740799
-1.8018296138423437
-1.5407795044948376
-2.2461076897728383
0.0
0.0
-73.67371061573178
66.03120427898024
42.852663764129574
-41.49714997083178
-2.0367831526114575
-0.936970010710397
-2.493009615278766
0.0
0.0
-71.24182756888082
67.34480349444016
43.28414792016041
-41.84690626992671
-2.2556927398863977
-0.3158332041548137
-2.734959144401699
0.0
0.0
-68.69349757057742
68.3797112765204
43.666178086805424
-42.0363783128315
-2.458953142570613
0.32086896559508277
-2.968675048933787
0.0
0.0
-62.38842392858322
43.829184094565065
45.43557302277075
-65.68375635934464
0.3838671401386141
0.7895854179732718
-6.013304362144989
0.0
0.0
-56.07920734223981
35.094814989322984
48.43877620286559
-66.83298581925565
-0.489991970565802
-1.687912839924298
-5.704198856562675
0.0
0.0
-50.5741306143467
30.19985589353243
50.39073916994006
-64.60076776428181
-0.786234725949073
-2.295329418846484
-5.149522540678631
0.0
0.0
-45.64747115940369
27.972034342402225
51.59620155407096
-59.903680074783644
-0.9326872281279889
-1.880468679135058
-4.589081576728501
0.0
0.0
-41.157905394504006
27.357105435284012
52.21178030574075
-53.874907099503794
-1.0716635038862667
-0.8342506498899216
-4.114949291118405
0.0
0.0
-37.00599939234819
27.67934198149852
52.350777995670896
-47.21854838394002
-1.2665669422692998
0.5678741547973681
-3.7428403097806617
0.0
0.0
-33.121460563425885
28.472024145881484
52.09317490568545
-40.414817731633825
-1.5305435439044937
2.1371658914224256
-3.472806029285239
0.0
0.0
-29.455140299029473
29.43990795706626
51.4973040875111
-33.757167279704994
-1.8543805682825227
3.74044994781779
-3.2914851110597163
0.0
0.0
-25.973267774568697
30.397612905543436
50.604899005247866
-27.42736690301738
-2.218000526367171
5.287415454446853
-3.1814778285471057
0.0
0.0
-22.65285083914331
31.236547687919455
49.446345963121075
-21.531529335908104
-2.59890897377804
6.7180766839847275
-3.124688850218088
0.0
0.0
-19.4783930547882
31.90088310571437
48.04425842459989
-16.125622405650553
-2.9762707934403174
7.994445442270157
-3.1042375261762936
0.0
0.0
-16.4394781698483
32.370703719202886
46.41608729880886
-11.232513862237225
-3.3327709145858893
9.094518521091658
-3.10542449369645
0.0
0.0
-13.529000042224222
32.650101716699055
44.576013391240785
-6.853436241092449
-3.6552106201737735
10.00789674822648
-3.116119355893941
0.0
0.0
-10.74187754618048
32.758705861863625
42.53630228791435
-2.975739198663021
-3.934414994586011
10.732559286925948
-3.126796804351663
0.0
0.0
-8.074135754076183
32.72562105905077
40.30825525564762
0.42184735178244226
-4.164795092220173
11.272464224566708
-3.130367030151441
0.0
0.0
-5.52226391398814
32.585078925973725
37.90285666907604
3.365633328011202
-4.343766748942534
11.635747718523723
-3.1218954226682882
0.0
0.0
-3.0827820125825767
32.37331848447912
35.331194277819
5.884537603221603
-4.47114137939014
11.833363279915805
-3.0982736953042576
0.0
0.0
-0.7519636178079498
32.12636348294519
32.60471055678722
8.008449544233182
-4.548551332299031
11.878050049302535
-3.0578826281333527
0.0
0.0
1.4743251991394528
31.878462365484562
29.73532971875697
9.767142599194962
-4.5789404917312195
11.783551048339259
-3.0002715526373622
0.0
0.0
3.6007017583635057
31.66102425367483
26.735494558220047
11.189575819488
-4.56613188118753
11.564024201625372
-2.9258691971182627
0.0
0.0
2.0987143385609763
17.101126558926325
19.387129250335764
50.04877482308427
2.8881548826202
10.495567104101644
-9.568724269820384
0.0
0.0
2.5932766571971264
6.416773198495157
14.2174437609782
67.11047874262076
4.525877175855002
10.936080823602783
-8.175600144268909
0.0
0.0
4.263155434461194
-1.1664620742723737
10.483698232211747
73.6262452130896
4.157844949329749
10.82835424847241
-5.8645770932726995
0.0
0.0
6.650763823939885
-6.264873831081525
7.6412546825678955
73.9891290559698
3.1109897335590766
10.263337153318094
-3.9589768807293475
0.0
0.0
9.478277504058173
-9.215565372248928
5.360923929555419
70.74097188681668
1.8844007507928868
9.456024015257684
-2.5753309858843094
0.0
0.0
12.558815539456354
-10.337546768932015
3.420918905222316
65.47993908803885
0.6912092064875202
8.562324009624499
-1.6100923768030886
0.0
0.0
15.759805452447733
-9.955446739078887
1.662757112836919
59.237179664447375
-0.3723151327757134
7.674257965179633
-0.9497555466373074
0.0
0.0
18.986975185250557
-8.396606127263224
-0.0280479495636754
52.655138430673965
-1.2735298343319945
6.842838666041819
-0.5011548735045228
0.0
0.0
22.17188179523612
-5.9523681429251525
-1.7337165382270099
46.14659983790378
-2.005660582395762
6.086126255629191
-0.20107212388644846
0.0
0.0
25.265942903086504
-2.8787482936063773
-3.5121005798232328
39.95554488089198
-2.578710693766849
5.406511826708581
-0.0028482293692411453
0.0
0.0
28.235369979547176
0.6111536573803076
-5.401934896825838
34.21868083316071
-3.009535171565513
4.795965189584196
0.12611596767786068
0.0
0.0
31.05759514205095
4.346169218445962
-7.427227610017853
29.001151724638916
-3.317056026133247
4.2414771080072295
0.20873467557734138
0.0
0.0
33.71862491687053
8.193700279230693
-9.600627492985845
24.321074471256043
-3.5197329441689615
3.728364419101952
0.26119748197804327
0.0
0.0
36.21103162391374
12.054971095836859
-11.926089001361577
20.1662783509851
-3.634340181665553
3.2422949096622684
0.29499797095317837
0.0
0.0
38.53341503655533
15.857084566196296
-14.400278457122385
16.49786260489434
-3.676026147665769
2.770650863437137
0.3188055792348709
0.0
0.0
40.685503515394785
19.559047037057947
-17.01672051529996
13.29033344773239
-3.6562130732452336
2.30189489306051
0.33719818709548877
0.0
0.0
42.671855566019694
23.129667786529225
-19.764417709285134
10.490176268652098
-3.585533959476944
1.8286092062996524
0.35512128105105545
0.0
0.0
44.49912963556311
26.554129133010058
-22.62955652559563
8.046301074590671
-3.4728506717178003
1.344515138194207
0.3755141251084309
0.0
0.0
46.175451442026706
29.828433671473313
-25.59668978195388
5.909595686877802
-3.325410628582558
0.8454494575302515
0.40030132938285135
0.0
0.0
47.70999961696014
32.95598042672294
-28.649359599440686
4.033771499429186
-3.149180345370953
0.3291780499940491
0.43072916240733533
0.0
0.0
53.81860567611017
4.92437507642407
-29.158760686550266
-24.824607997741047
0.7037123738084453
-0.3310109055106464
-2.2626429512773454
0.0
0.0
59.300933945276604
-4.954170275287968
-28.72282060698884
-32.81239422848111
1.4372591156193115
-2.981489096220836
-2.230434394211856
0.0
0.0
63.86269799321875
-7.923601888430384
-28.934169811868333
-32.32247876136502
1.6042680158224885
-4.581030808261416
-1.2686254763343336
0.0
0.0
67.6341251298022
-7.394661364453626
-29.85728375795748
-27.775350304362963
1.6740217633273
-5.263791600090031
-0.17517097595187905
0.0
0.0
70.7601210044808
-4.898846971903762
-31.369194561610346
-21.413822170319207
1.7129243105855652
-5.389624662769857
0.7859011694643669
0.0
0.0
73.3528838470849
-1.284876070720598
-33.34990044482843
-14.512344235737451
1.7176130569169865
-5.224050228203124
1.5530363613928018
0.0
0.0
75.4955722022578
2.936601803585436
-35.70390079350315
-7.798566127054505
1.684013649452207
-4.938621231249228
2.1325927740699417
0.0
0.0
77.25098506993314
7.451188864125304
-38.35627205126754
-1.670967563498792
1.6165140209798945
-4.63947812816941
2.551332657950912
0.0
0.0
78.6683680145254
12.066611589880807
-41.24671270291877
3.672807766087202
1.52508495306799
-4.389567292951715
2.840035109162439
0.0
0.0
79.78800025997768
16.66864373105777
-44.32499230944556
8.156941715300691
1.4216114408834866
-4.2235819737202105
3.027733341140715
0.0
0.0
80.64414432184208
21.19317285627159
-47.54788653446697
11.778179846010243
1.317464650534573
-4.157807153711587
3.139769711741853
0.0
0.0
81.26690225683429
25.607926923263115
-50.87720485383932
14.575041533761457
1.2222598891193543
-4.196623386619404
3.197324923439047
0.0
0.0
81.68336600077473
29.900337202915114
-54.27855192185041
16.608630692107962
1.143407768495033
-4.336834671645216
3.217554379612548
0.0
0.0
81.918318391754
34.06943673617627
-57.72056465438622
17.950770470431177
1.086121382620592
-4.570570119789758
3.2139783942215248
0.0
0.0
81.99465062749671
38.12047052067194
-61.17445212814957
18.676771923915116
1.0536528465014667
-4.8872413127554655
3.1969661274174226
0.0
0.0
81.92235155322356
42.00137760343451
-64.6291131042977
18.851129324619034
1.0552796555160722
-5.266900017220042
3.1729525909211267
0.0
0.0
81.72148084872927
45.73675205791514
-68.05684817274711
18.558963368825385
1.0872489113475559
-5.706488620550298
3.1480370144678407
0.0
0.0
81.41510465647107
49.374633776111786
-71.42690655416254
17.884242819232654
1.1438856411747422
-6.200193754172191
3.127334530769438
0.0
0.0
81.02418739826271
52.925063441724106
-74.7154709918991
16.86781131734468
1.2221619300026925
-6.73314785427635
3.115399061096336
0.0
0.0
80.56628765789121
56.40220824732282
-77.90173737866495
15.568608994540561
1.3204716149654434
-7.293298888816358
3.1127545832903034
0.0
0.0
79.78155597448603
23.275824011152828
-76.75623152196026
-38.357643854136505
4.721455618460291
-8.11499298745615
5.6729423796356295
0.0
0.0
78.67096742476059
13.323616590792787
-74.55187738594802
-56.57283753647942
6.444644737524771
-12.036298586930332
6.838382968742107
0.0
0.0
77.0125155318392
12.4858610964373
-73.08160942799496
-58.77958172573264
7.595072294585428
-14.58794569907533
7.820412476656753
0.0
0.0
75.01932057058534
15.885539496158625
-72.3746799088388
-53.402600340576626
8.384975890897834
-15.753840084629442
8.572336560773017
0.0
0.0
72.88246564707374
21.33433602501125
-72.23095970194754
-44.73796629730692
8.853117901059658
-16.013663984412098
9.023225799171739
0.0
0.0
70.72757584541502
27.685123807281094
-72.47405532989089
-35.128883406692005
9.03113251316103
-15.745513954423897
9.174564297718288
0.0
0.0
68.62983844674561
34.29773094275414
-72.97606269625624
-25.86678754473784
8.957858333800862
-15.197002261350237
9.073249560205308
0.0
0.0
66.6305596511394
40.833958075354865
-73.64423473082272
-17.57861619417669
8.679644115059062
-14.523209430487958
8.771758857293989
0.0
0.0
64.75010874849563
47.11172210160334
-74.41327040300939
-10.537020751030916
8.244947745200196
-13.81611420312555
8.323107127824562
0.0
0.0
62.99612547035707
53.04289159554355
-75.23588176573126
-4.804374302213383
7.699689788026032
-13.129325480594456
7.773670708923732
0.0
0.0
61.36872515999446
58.59235968758094
-76.07724232314804
-0.3281396522857195
7.084684399518908
-12.492210751791013
7.161970311202471
0.0
0.0
59.863645759705435
63.754580544341664
-76.91129574541479
3.0033028603469454
6.4345629703289005
-11.919022474931607
6.5188067976700905
0.0
0.0
58.47422386041739
68.53953024490542
-77.7182876009335
5.326921464320024
5.777562606166205
-11.414650395827993
5.86807840147324
0.0
0.0
57.19259925610015
72.96455742218188
-78.48309980954654
6.785457822351827
5.135855086973793
-10.978312338754423
5.227770771388288
0.0
0.0
56.01043519873416
77.04974850259624
-79.19411460961273
7.5165071280184845
4.5261603207318695
-10.60592216659506
4.610946690029904
0.0
0.0
54.91933754195867
80.81539443297456
-79.84242561190416
7.64686524631585
3.9604800626063095
-10.291609076622565
4.0266590254306935
0.0
0.0
53.91108873939565
84.28070469789262
-80.4212770752594
7.290041106975304
3.44685229313919
-10.028688872662833
3.4807575582108763
0.0
0.0
52.977769840823946
87.46324933456249
-80.92565436447113
6.545628144743985
2.9900691994557205
-9.810278626051273
2.9765828108191688
0.0
0.0
52.11181640045366
90.37881342633428
-81.35197563588298
5.499725218227136
2.592328765576984
-9.629677674874776
2.515550703894573
0.0
0.0
51.30603687724012
93.04147348140908
-81.69785229942093
4.225909058231521
2.253806804445752
-9.480594717377087
2.097636844935731
0.0
0.0
54.898275798767465
99.8589760439307
-80.94835169377666
71.33765710605036
7.0362742639149225
-9.364910227601474
-8.568817893920311
0.0
0.0
59.10583642254951
93.53970756995987
-80.71849435264863
94.62461227670683
8.442438884470283
-5.886696128740411
-12.098962563893256
0.0
0.0
63.73498666066114
85.000827046681
-79.73597737636072
98.0666510010042
7.884591946721315
-3.5982730342553264
-12.779614348247899
0.0
0.0
68.360810299074
77.0073178050256
-78.26225901061119
92.15305352860298
6.459195167194811
-2.529537546437572
-12.14938600287504
0.0
0.0
72.69568778668132
70.30063933821442
-76.63615747968862
82.13063856049364
4.8092190660483105
-2.207974095731328
-10.912766390944315
0.0
0.0
76.58326924135528
65.00877791630408
-75.07992597365282
70.73240203573978
3.2647840494403444
-2.2802541986434797
-9.431919015442258
0.0
0.0
79.9516109736483
61.038899397572365
-73.71587803310143
59.361200996155056
1.9706607348471386
-2.5395438300412243
-7.89676997111718
0.0
0.0
82.777815746178
58.216816172631766
-72.60230502836292
48.69398103438942
0.9699610918322887
-2.8763247059021966
-6.402572507662288
0.0
0.0
85.04411630092484
56.2588038388288
-71.78689802150173
39.02955033229497
0.27260641459571944
-3.2226337881919975
-4.998782652578185
0.0
0.0
86.7392023564353
54.84739049952004
-71.3050367766011
30.436658036552792
-0.13780693672729744
-3.5487769485711285
-3.698764064100914
0.0
0.0
87.90971131505087
53.980289879004985
-71.10324973446279
22.954332393593987
-0.32099378323620154
-3.8915410553817256
-2.507613331349461
0.0
0.0
88.598255171924
53.59391367315591
-71.1423259418542
16.50571720847762
-0.3243415549172298
-4.252147890467229
-1.416245902197969
0.0
0.0
88.84605757505666
53.620889588761166
-71.38561881975752
10.983948184216256
-0.18659413144798134
-4.627422045040136
-0.41509200146442704
0.0
0.0
88.69300191550839
54.000439618051566
-71.79781927836464
6.276098745547415
0.06045340141939874
-5.013974231850659
0.5041693881802707
0.0
0.0
88.17740625154481
54.68001019093953
-72.34513378446968
2.2729595976407566
0.3906949208566895
-5.4084472619175665
1.3485263815042348
0.0
0.0
87.33585920725382
55.61458154178135
-72.99556468950792
-1.126778980548778
0.7826634263073008
-5.807332167793095
2.1238352567259757
0.0
0.0
86.20312577245913
56.76541992290668
-73.7190977099639
-4.014858961766233
1.2186509727219308
-6.20689543465372
2.835036026155218
0.0
0.0
84.81209443723719
58.0988140821803
-74.48780596959203
-6.473007966367222
1.683995445538027
-6.603220184217869
3.4863338712257184
0.0
0.0
83.19374625774792
59.58497587296426
-75.27589937793466
-8.57310384980557
2.1665185372108824
-6.992304626424536
4.081343597790384
0.0
0.0
81.37713666934717
61.19715394944909
-76.05973982801925
-10.377647460367136
2.656090483897281
-7.37017657733204
4.623203119018005
0.0
0.0
77.93415011136139
61.34754374746887
-71.6144199172463
11.965162638029387
6.162145173155608
-8.999868237548123
3.1316880212566702
0.0
0.0
74.6514102692965
57.208811548070415
-68.2202172833236
20.11183710986658
8.255333642651072
-8.562065640771571
3.3388514671394245
0.0
0.0
71.56707503357224
52.6897522227345
-65.20038670898273
21.49286101439206
9.42373334638984
-7.9566674649961895
4.100621548203397
0.0
0.0
68.59479019788874
48.91703571597935
-62.44651258745575
19.583275174750092
10.002094993693738
-7.5005666134545255
5.0249260684925945
0.0
0.0
65.65808843260282
46.15337132452519
-59.957084993249474
16.139351849256208
10.210082856054669
-7.184890654435377
5.951876027964451
0.0
0.0
61.466700662027186
70.5582994427762
-61.066585052724875
26.18316644324699
8.280398311229948
-5.439325860967292
8.050920530507778
0.0
0.0
57.40160209274568
83.58395750388956
-62.08213147577841
25.463875172013
7.438818800761364
-4.785374570720368
8.911551328341211
0.0
0.0
53.32254330782526
91.47307785809286
-63.03355346375525
20.643120190944053
7.118661294398702
-4.706249732020147
9.19275278398571
0.0
0.0
49.315282497789674
95.12013024098961
-63.77256302598396
13.322417394831648
7.158292067386312
-4.978305853688503
9.118900124258907
0.0
0.0
45.381426005391255
96.4204699428208
-64.28704633409778
5.3221629617028094
7.361070067229484
-5.406057614321503
8.89936381550668
0.0
0.0
41.529093150545755
96.46163886227241
-64.575861435886
-2.4845921145657086
7.615324664327773
-5.876853324166525
8.64292739677522
0.0
0.0
37.768062014397515
95.8698493732753
-64.64258052388543
-9.711390185063708
7.860990206945829
-6.330443663695004
8.399792783741823
0.0
0.0
34.10721011833182
95.00274021829475
-64.49359585089245
-16.217255796482043
8.068603414033625
-6.736410213352955
8.188052564404819
0.0
0.0
30.804904278793554
91.01039952611278
-63.91729026918201
-24.27965375335124
8.355715829899573
-7.154174706220144
7.898259716976807
0.0
0.0
27.574631437394313
88.72635250554879
-63.14690952196624
-29.784749087150704
8.494513578641604
-7.4792150438369935
7.704514747061264
0.0
0.0
24.424088303838438
87.40140662145308
-62.22358067266276
-33.80937888255226
8.530873373424823
-7.688185606017533
7.575081821811648
0.0
0.0
22.513015816399037
81.64865473782429
-62.23523047352777
-54.25908277204637
7.643524601285744
-7.11911313883291
8.50322036576299
0.0
0.0
20.4238534027915
80.77682011645328
-61.600030569027425
-62.676843330937345
7.298262113277872
-7.53985268075944
8.571687430864566
0.0
0.0
18.177738930962878
81.6385513081076
-60.733271252463744
-64.95352811782298
7.189029293182346
-7.920720860641508
8.345550499115697
0.0
0.0
