-416.46558499685517
-1370.6771419243305
-462.69789287918945
-330.4573137988674
293.0878057705166
-119.35527964127331
-139.74925903902155
0.0
0.0
-281.43193191582014
-1216.7213596332772
-333.7262218778067
68.28336589780805
204.15144243075926
-162.5726882369252
9.569556629688861
0.0
0.0
-175.54776287915814
-1074.9660363494152
-238.55387485564003
248.01312599618188
124.78092453670419
-137.85125371422598
-28.79647204692092
0.0
0.0
-89.13441904528563
-994.0183853535449
-158.255365818143
317.5182559209781
69.67128807856089
-104.71779243969068
-5.055147797281205
0.0
0.0
-18.5152402250767
-934.845904138853
-90.16451379900916
351.9331009031395
28.275340507506037
-74.9063403093662
-5.595882572835491
0.0
0.0
32.90688598982926
-880.8643730904174
-36.02497675596984
372.4281756353127
-3.1710686596668145
-52.115560906083864
1.6047845853736322
0.0
0.0
66.59480010263157
-826.0554469585604
4.876183149615619
380.1050558372597
-26.21616846093587
-34.01648819599033
4.467791463218286
0.0
0.0
83.93989854254596
-766.0574547978613
33.419910327453884
377.6916017520972
-42.46570414780741
-20.004889677065933
7.4193349089580725
0.0
0.0
87.66818076637784
-700.1355985008212
51.27670452220784
366.34256564973714
-53.13774418203525
-8.891319461215192
9.28687423795435
0.0
0.0
80.79143020974524
-629.4765214747193
60.360045332433465
348.45061530540875
-59.444977735056646
-0.06521925944148599
10.520799370688753
0.0
0.0
66.48703510356634
-556.8629706156989
62.71143300892482
326.5629963890559
-62.366406671946194
7.001806018552065
11.086601253583654
0.0
0.0
47.819249180142876
-485.61547653352596
60.38055403992339
303.3806890254539
-62.69058587593141
12.674948565802563
11.067399379171325
0.0
0.0
27.597527482753414
-418.8493667999982
55.374265237402334
281.240156436802
-61.03544159464036
17.249889497944956
10.574594090297781
0.0
0.0
8.213547858109541
-358.85604099614665
49.56806283153608
261.76843582923146
-57.92440087773606
20.970153031054735
9.787258240844743
0.0
0.0
-8.55238296958486
-306.84538908634084
44.54244857375848
245.6347518162178
-53.84441496936507
24.02822133237709
8.92920409845762
0.0
0.0
-21.75076676676656
-262.413382792986
41.28887349119049
232.74415648079938
-49.314611660843454
26.583048031977256
8.256373379876239
0.0
0.0
-31.265609360791245
-224.77284224717542
40.16680888827861
222.10477634961742
-44.748708226366574
28.735619759003214
7.926030116978284
0.0
0.0
-37.72372261070674
-192.64943739479787
40.86836962114414
212.63380670961885
-40.46456170939493
30.506175139853465
8.00806092805055
0.0
0.0
-42.083360732305565
-164.76651355638637
42.701621205970746
203.4725583491269
-36.61921287159038
31.89850246174949
8.446475923213868
0.0
0.0
-45.19390640748742
-140.09623822917322
44.97490269489574
194.16726020550385
-33.22185024791003
32.92044461611505
9.110601108577267
0.0
0.0
-47.614456131382624
-117.94138236570228
47.31758495507407
185.07232100215415
-30.13613938955205
33.56682280979842
9.82595968389321
0.0
0.0
-49.649997181820815
-97.92487060084329
49.464081505523396
176.07740923634094
-27.269037336954568
33.90632337393722
10.50743811653929
0.0
0.0
-51.403373442571386
-79.73139135324219
51.3378715171815
167.23852842699125
-24.552497059886267
33.97699514499305
11.109881987723474
0.0
0.0
-52.9343315994637
-63.115127002493516
52.89790223707701
158.59959460464455
-21.9449595087189
33.81940653373432
11.610940072840933
0.0
0.0
-54.27233842925096
-47.875640860316764
54.13016481222532
150.19270969095544
-19.42760733856731
33.47249026786009
12.003330987667416
0.0
0.0
-55.434184920699295
-33.84547991464038
55.031782968513575
142.03765150844958
-16.998590891924994
32.97216308550633
12.288898797811246
0.0
0.0
-56.42940545960074
-20.882250008889454
55.60648543926585
134.14462515530974
-14.667419482466155
32.34993776896213
12.47477712326401
0.0
0.0
-57.26429780506454
-8.863920989614446
55.860939052934185
126.51606610790859
-12.449999689920046
31.63246170926319
12.570737468519239
0.0
0.0
-57.9435928999728
2.314617450221391
55.80338037425734
119.1476191844635
-10.364747422213512
30.841351406581495
12.587575722318608
0.0
0.0
-58.47162687223979
12.744390012887065
55.44272926472143
112.02858869300749
-8.42965074297629
29.993405900254757
12.536056712233705
0.0
0.0
-58.85302357790513
22.504961186053627
54.78827358272567
105.14187132411102
-6.660261526182191
29.101002540755076
12.426328862918997
0.0
0.0
-59.09327509443135
31.66714762523129
53.849532012170435
98.46378975345246
-5.068480964385365
28.172653367922198
12.267637655142515
0.0
0.0
-59.19934866421232
40.29564645417379
52.63622235703221
91.96390005728591
-3.6619397895069947
27.21358530711305
12.068254684641696
0.0
0.0
-59.18031998003162
48.45748489954541
51.15909395907296
85.60651332831856
-2.4435496856961314
26.22683957452848
11.836098759237235
0.0
0.0
-59.048246865947554
56.19403208268292
49.42542711561258
79.33786801120004
-1.4134903826160659
25.21168230965005
11.576363086883585
0.0
0.0
-58.817698698610165
63.58927335351515
47.449389877188125
73.11340372317088
-0.5673111348752711
24.16828621934329
11.297113120159016
0.0
0.0
-58.50988247360373
70.7004428772377
45.238953903461486
66.86341898938073
0.10240910373172074
23.09497754881152
11.003394791267405
0.0
0.0
-58.150116483654536
77.60139590054659
42.805277139656795
60.51081554704802
0.6043211728087039
21.98862622335002
10.701672520401521
0.0
0.0
-57.771113235162545
84.3736939843116
40.158622268723356
53.96264570178519
0.9486252388351444
20.846171751842473
10.398123303025631
0.0
0.0
-57.41360143011686
91.1085815724582
37.30900739079769
47.105020121809076
1.1458899344288564
19.664200671666524
10.099261355490533
0.0
0.0
-56.99328573296874
97.83737705145353
34.296525154833084
40.77814753204372
1.2839340367908019
18.461001421748943
9.623500518941317
0.0
0.0
-56.49141619583446
104.43003941705065
31.150794784181883
34.70420744408829
1.3299224991976386
17.234953919802688
9.118506096087813
0.0
0.0
-55.915640393149765
110.83225354938757
27.87066305375526
28.800433599234772
1.2980845075437784
16.00476109491055
8.606390884108666
0.0
0.0
-55.26687066127404
117.03292707340182
24.468364843384258
23.035670986932484
1.2008714856380265
14.776106232870829
8.096490213014993
0.0
0.0
-54.54516378057966
123.03153625682887
20.958093186622705
17.39646768755013
1.050674955576946
13.552768455079319
7.592784353289541
0.0
0.0
-53.750208425759155
128.83058153033437
17.354506085419175
11.876603656994202
0.8588834446973266
12.338064725945532
7.0979347866709
0.0
0.0
-52.88152039390756
134.4332797877594
13.67206338808686
6.474104646584461
0.6357229937852047
11.135379128130001
6.6141352270654945
0.0
0.0
-51.93846818218463
139.84306363366852
9.924758980318687
1.1905114181747698
0.3901879043240024
9.948207812275095
6.143298381187242
0.0
0.0
-50.920260644471945
145.06360230029628
6.125906063953606
-3.9692252233648015
0.13002487644245742
8.780114752287025
5.687072884781858
0.0
0.0
-49.82589392514997
150.09910232936898
2.2879659291092365
-8.996614358120196
-0.13826470195495588
7.634630829613826
5.246859086439091
0.0
0.0
-48.654121036122255
154.95470048743755
-1.577697404262598
-13.87921110380795
-0.4093874180546946
6.515183657043387
4.823795662133911
0.0
0.0
-47.41361147783181
159.67307837550044
-5.46378055339037
-18.584297781619966
-0.6838306019196483
5.423320509991989
4.427818755524485
0.0
0.0
-46.11470387622303
164.29005743965902
-9.365354175786214
-23.090499502543313
-0.9591444989803812
4.362819726812888
4.061796009086663
0.0
0.0
-44.75810765187111
168.7985745295824
-13.274133162961062
-27.41012866980117
-1.2287844873851483
3.3377664461994963
3.719510612906061
0.0
0.0
-43.343823654402385
173.19254844481299
-17.180201917987183
-31.557929430568755
-1.490272520518622
2.3484679154494685
3.4008301611625398
0.0
0.0
-41.872582174661396
177.46545414315307
-21.07459331025958
-35.546977260937936
-1.7415813830594447
1.3949863601724009
3.104473731072524
0.0
0.0
-40.34561505820588
181.6105824281131
-24.94897666885961
-39.3892266671112
-1.9814314288210912
0.4769305666606256
2.829130957150875
0.0
0.0
-38.76462003311699
185.6212031397309
-28.79566474416368
-43.09545060570362
-2.209108533249825
-0.40636269082293963
2.573406847698319
0.0
0.0
-37.13170623832618
189.49067232446154
-32.60756945691272
-46.675343804395176
-2.4243552639696206
-1.2557604988850988
2.335906586023061
0.0
0.0
-35.44934839038848
193.21260765715738
-36.378164838806136
-50.13749949859062
-2.6272630563216364
-2.072261881056394
2.115254859816957
0.0
0.0
-33.7203389627061
196.78096358908206
-40.10144418051154
-53.48955408238324
-2.8182000967425287
-2.856956585015947
1.910138979211842
0.0
0.0
-31.9477582638469
200.19012006469057
-43.77189503945066
-56.73821712290645
-2.997735442094822
-3.6109844025291764
1.7193080682036612
0.0
0.0
-30.1349303312392
203.4349645439536
-47.38445302035735
-59.889390312440334
-3.1665924136901604
-4.335511459950759
1.5415927801306357
0.0
0.0
-28.167759007711325
206.37047835535714
-50.915208552307334
-62.270562152995495
-3.2669168495096996
-5.003695181784229
1.2264618263267208
0.0
0.0
-26.034808174090774
208.91256987696755
-54.34283590770727
-64.22504188296223
-3.371529224899112
-5.650138025268673
0.9877404562453429
0.0
0.0
-23.747572093929147
211.04892413603608
-57.67897907299457
-65.84039524010403
-3.4615405624465314
-6.256912553565514
0.7758391951252188
0.0
0.0
-21.31241148945118
212.79151723211405
-60.9230726423705
-67.18745285143119
-3.541076325870519
-6.8286329959142416
0.5928903364107048
0.0
0.0
-18.737536603464118
214.15929771474865
-64.07656467811955
-68.30733223026692
-3.6107627367493182
-7.368036444095682
0.4316734944577352
0.0
0.0
-16.031590135018657
215.17235728589367
-67.14118663571098
-69.2298094481681
-3.672179289229394
-7.878358424125533
0.2885733782750908
0.0
0.0
-13.2036180673665
215.85012348055025
-70.11926494124756
-69.97694828455333
-3.726649541352148
-8.362288122502457
0.16040275811432836
0.0
0.0
-10.262802219116816
216.21085697659296
-73.01341076277669
-70.56619918478947
-3.7754432376497977
-8.822192512225387
0.0447158364966429
0.0
0.0
-7.218328712870866
216.2716629831967
-75.82638316440462
-71.01187854753216
-3.8197355605449834
-9.260148687980632
-0.06050995086389421
0.0
0.0
-4.079296961876579
216.04864601794156
-78.56097872546269
-71.32610543880388
-3.860618771088931
-9.678015162402568
-0.15697631658948175
0.0
0.0
-0.8547039469902926
215.55719848515292
-81.21994543780326
-71.51902649916246
-3.8990558358010396
-10.077511088814015
-0.2461697639832675
0.0
0.0
2.4465755604955044
214.8121123745603
-83.80594337945905
-71.59927573143848
-3.9359050588982036
-10.460224334972148
-0.329366330657773
0.0
0.0
5.815798841693234
213.82768459762946
-86.32151990926242
-71.57428917264797
-3.9719290647292413
-10.827613106526863
-0.4076729764832455
0.0
0.0
9.244360656228022
212.6178068144831
-88.76909228747006
-71.45054663913842
-4.007804396424429
-11.181008390153542
-0.48205613396644054
0.0
0.0
12.723797343008917
211.1960207141439
-91.15093617544028
-71.23377972076767
-4.0441312810807535
-11.521617780484238
-0.5533612085711452
0.0
0.0
16.24579268087291
209.57556357978373
-93.46917648957285
-70.92914840698498
-4.081443442314465
-11.850530254554386
-0.6223296386799684
0.0
0.0
19.80218233491116
207.76938577575123
-95.72578392603133
-70.54139331031358
-4.12021376866536
-12.168719626500748
-0.6896139765866085
0.0
0.0
23.384961380673914
205.79017106593548
-97.92257136559887
-70.0749507405341
-4.160861981441769
-12.47705098286584
-0.7557893335675805
0.0
0.0
26.986291127377424
203.65033629888424
-100.06119392281298
-69.53405705938596
-4.2037585942209965
-12.776285975796899
-0.8213625983018173
0.0
0.0
30.59850823146767
201.36203608372247
-102.1431490522368
-68.92282288760612
-4.249229558476419
-13.067089245951626
-0.8867807632289642
0.0
0.0
34.19583956215094
198.8280637643264
-104.09265423476003
-67.95468459453924
-4.244392884838605
-13.362459517462979
-0.9855680863843683
0.0
0.0
37.773694538574205
196.03818784074593
-105.91089005244456
-66.75714916394683
-4.226022705091963
-13.657228065993122
-1.06516390172206
0.0
0.0
41.32353176639711
193.00676001427212
-107.60375422060024
-65.37963735429605
-4.201400218197378
-13.939359394828008
-1.1361667490274772
0.0
0.0
44.83773174378366
189.75432436983257
-109.17439635793808
-63.85904583807957
-4.176476828039418
-14.2047070158451
-1.2008940576035636
0.0
0.0
48.30867977372445
186.3029065781063
-110.62552612096277
-62.22174769238734
-4.1542506802891594
-14.451314344690706
-1.261548098691677
0.0
0.0
51.71298155094165
183.1306101198749
-112.00580960633988
-60.24555953097291
-4.17058524454893
-14.659777203608801
-1.298046721865187
0.0
0.0
55.04220569997667
180.09068590817716
-113.32032718433436
-58.09989833117383
-4.203588896906555
-14.831441112813735
-1.3181450251156765
0.0
0.0
58.2889617979457
177.1237847206358
-114.56952175276795
-55.86787865097144
-4.244905922760276
-14.974184254287803
-1.3258131591386273
0.0
0.0
61.447495962628274
174.17667841592615
-115.75127181287317
-53.61123219054764
-4.288983726977706
-15.095761295853528
-1.3258190966561216
0.0
0.0
64.51227905770907
171.22009415018866
-116.86329928240824
-51.36429508077987
-4.3333411659614764
-15.202236768492677
-1.3216354868559475
0.0
0.0
67.47790099961364
168.23887147651456
-117.9036429297268
-49.1458363266884
-4.3769624948594235
-15.297730656377864
-1.3156040640527218
0.0
0.0
70.33912808786272
165.22644797843554
-118.87066236065058
-46.96575108437462
-4.419514869865024
-15.38481056843974
-1.3091937604406445
0.0
0.0
73.09097378570357
162.18158272508182
-119.76293993163135
-44.828885608326104
-4.460948586207924
-15.46494096932491
-1.3032561031984877
0.0
0.0
75.73232423542058
159.0565128068482
-120.57617871824611
-42.77324231271808
-4.499090695368359
-15.539731509976026
-1.3000526839532562
0.0
0.0
78.25878737300384
155.87671703133245
-121.30873930854378
-40.77526563388657
-4.535232391714263
-15.609828231498996
-1.3004699478047275
0.0
0.0
80.66618872760134
152.65923843559224
-121.95959094665871
-38.822893207242075
-4.570171062868937
-15.67479702579843
-1.3036636128301962
0.0
0.0
82.96906251170404
149.34616719326903
-122.54283325099502
-37.177622527659544
-4.6189266192936635
-15.723790375779966
-1.2924680647157794
0.0
0.0
85.1610568303039
146.00519429667654
-123.05451968083776
-35.686930941178915
-4.666965532452171
-15.762563393359176
-1.294605878564051
0.0
0.0
87.23788786366158
142.66703554517696
-123.4912079635166
-34.279195418598505
-4.712137784209759
-15.79606903994475
-1.3085487819866473
0.0
0.0
89.18274215747559
138.74315850437077
-123.97057035692661
-34.52085261416587
-4.87212266633784
-15.85211638720828
-1.1748713126660266
0.0
0.0
90.98379196701322
135.25708679277076
-124.3865296576121
-34.01428358267508
-4.950126866214536
-15.898468238807896
-1.242792410291012
0.0
0.0
92.65190263801841
132.00493095232451
-124.72861389056729
-33.19225741376398
-5.016943819037637
-15.9587608028429
-1.3284748373997708
0.0
0.0
94.18607254216474
128.8977368002776
-125.00167396607657
-32.20812145019241
-5.08221393582983
-16.019782523096787
-1.404605575161248
0.0
0.0
95.58561768377663
125.89401583684884
-125.20763970582308
-31.135363446383213
-5.147051514679614
-16.073910958053798
-1.4683282978559888
0.0
0.0
96.85068144980276
122.9737636375329
-125.34611273094815
-30.014853814356304
-5.211340422742993
-16.118426151531114
-1.5210874908317675
0.0
0.0
97.98184090227153
120.12718384635681
-125.41575245460483
-28.871189886633637
-5.274831207201021
-16.15273242412649
-1.5648014240392905
0.0
0.0
98.97988524470938
117.34950230579095
-125.4149766498893
-27.719901371823738
-5.337293342696562
-16.176933009421067
-1.6010969633797432
0.0
0.0
99.84573344512876
114.63846451663818
-125.3422464219072
-26.571109467456854
-5.398522855321488
-16.191259903337386
-1.631199524634574
0.0
0.0
100.58041319197196
111.99307479130898
-125.19616574870138
-25.431546433104675
-5.458331178241986
-16.195886024037794
-1.6559793116192847
0.0
0.0
101.18506111179752
109.41293504552786
-124.97550745020524
-24.305737909565007
-5.516535746375498
-16.190886837702585
-1.6760272063312986
0.0
0.0
101.66092781860903
106.89788623891425
-124.67921315030817
-23.196728049001145
-5.572954670485771
-16.176252651834712
-1.6917252352461107
0.0
0.0
102.00938203941264
104.44780974868695
-124.30638599589484
-22.106541557134385
-5.627404616248485
-16.151913121454665
-1.7033033549520344
0.0
0.0
102.23191233278187
102.06251714295496
-123.8562828852107
-21.03648767800566
-5.679700690166002
-16.11776057263595
-1.7108826292137622
0.0
0.0
102.3301264462707
99.74169082630475
-123.32830820331114
-19.987365797716034
-5.729657388996602
-16.073668528195363
-1.7145071571279538
0.0
0.0
102.30574879759351
97.48485492967397
-122.7220093114128
-18.959608022690617
-5.777089984798049
-16.019505309985338
-1.7141673600620746
0.0
0.0
102.16061660611336
95.29136459680348
-122.03707348086117
-17.953380415273244
-5.821815971871011
-15.955143612449337
-1.7098168616904754
0.0
0.0
101.89667511913312
93.1604065920837
-121.27332585596263
-16.96865654986647
-5.8636563783597495
-15.880467062632754
-1.7013847039237304
0.0
0.0
101.51597227474585
91.09100686696613
-120.43072807368381
-16.005272193096967
-5.902436857412354
-15.795374622972211
-1.6887842005623934
0.0
0.0
101.02065305222087
89.08204232738868
-119.50937724786293
-15.06296686639566
-5.9379885380476605
-15.69978348470735
-1.671919379191545
0.0
0.0
100.41295368977941
87.13225502572755
-118.50950510181754
-14.141416114553067
-5.970148650952595
-15.593630917149035
-1.6506896975265666
0.0
0.0
99.69519589647352
85.24026761797735
-117.4314770950889
-13.24025704022944
-5.998760960052878
-15.476875397153211
-1.6249935265229503
0.0
0.0
98.8697811462219
83.40459932160228
-116.27579143698807
-12.359108839062428
-6.023676035693629
-15.349497241200504
-1.594730752673587
0.0
0.0
97.93918511416913
81.62368187038184
-115.04307791377828
-11.497589519849143
-6.044751403986197
-15.211498890837454
-1.559804751577984
0.0
0.0
96.9059522952302
79.89587513093565
-113.73409648177486
-10.655329628283042
-6.061851603129849
-15.062904952888914
-1.5201239128176798
0.0
0.0
95.77269083013417
78.2194821622449
-112.34973559633315
-9.831983545811193
-6.0748481723990455
-14.903762062229312
-1.4756028451925856
0.0
0.0
94.54206755359343
76.59276357512233
-110.8910102600101
-9.027238770157561
-6.083619594684008
-14.734138612327518
-1.4261633541206225
0.0
0.0
93.21680327130187
75.01395110255143
-109.35905978294466
-8.240823471817695
-6.08805120869709
-14.554124383563074
-1.371735256829893
0.0
0.0
91.79966826672347
73.4812603276932
-107.7551452552078
-7.472512544690927
-6.088035103264058
-14.363830089384571
-1.3122570817376618
0.0
0.0
90.293478034128
71.99290254054404
-106.08064673662133
-6.722132319413975
-6.083470002853211
-14.16338685361742
-1.2476766846015075
0.0
0.0
88.70108923138947
70.54709571429657
-104.33706017296436
-5.989564071520471
-6.074261150802894
-13.952945628432067
-1.1779518040296681
0.0
0.0
87.02539584321568
69.14207460184657
-102.5259940510833
-5.274746434185059
-6.060320194925433
-13.732676559305169
-1.1030505715087142
0.0
0.0
85.2693255442297
67.77609996514188
-100.64916580696013
-4.577676809541172
-6.0415650785712405
-13.502768302423888
-1.022951985864447
0.0
0.0
83.43583624966082
66.44746695383348
-98.70839800306683
-3.898411861830165
-6.017919939094975
-13.263427298537678
-0.9376463580425176
0.0
0.0
81.52791284086088
65.15451265562987
-96.70561429206782
-3.2370671684684686
-5.989315015044332
-13.014877007270606
-0.8471357292561192
0.0
0.0
79.54856405220951
63.89562284474918
-94.6428351851163
-2.5938160991832535
-5.955686562781539
-12.757357105685891
-0.7514342637331192
0.0
0.0
77.50081950595589
62.66923795519592
-92.52217364316353
-1.9688879929965875
-5.91697678305072
-12.491122654879796
-0.6505686150352628
0.0
0.0
75.3877268812923
61.473858310271616
-90.34583051044508
-1.3625656953568899
-5.873133757713722
-12.216443238723993
-0.5445782651601977
0.0
0.0
73.21234920458936
60.30804863812412
-88.11608980866043
-0.7751825214727899
-5.824111397059454
-11.933602078846864
-0.4335158334159013
0.0
0.0
70.97776224773263
59.17044190617542
-85.83531391115491
-0.20711870511068026
-5.769869397857937
-11.642895130324282
-0.31744735286885806
0.0
0.0
68.68705202233477
58.05974250648939
-83.50593861517866
0.3412026055592109
-5.71037321275713
-11.344630162606176
-0.19645251118207563
0.0
0.0
66.34331235807201
56.97472882424029
-81.13046813059115
0.8693197464698939
-5.645594031323931
-11.039125830309253
-0.07062485268678032
0.0
0.0
63.94964255418768
55.91425522305397
-78.71147000252475
1.376737274911564
-5.575508773559564
-10.72671073866208
0.05992806113354132
0.0
0.0
61.50914509409692
54.87725347911314
-76.25156998484569
1.8629309874488122
-5.500100096468904
-10.407722508268195
0.1950845360343605
0.0
0.0
59.02492341365554
53.86273369548839
-73.7534468809147
2.3273531666596163
-5.419356414527096
-10.082506843910897
0.3347086767820333
0.0
0.0
56.50007971480314
52.86978473040047
-71.21982736688888
2.7694380041316693
-5.333271934963831
-9.751416611968892
0.47865036900251146
0.0
0.0
53.937712816989716
51.897574168778895
-68.65348081247309
3.188607148733121
-5.241846708551117
-9.41481093082098
0.6267453133852525
0.0
0.0
51.34091603973991
50.94534786892955
-66.05721411298299
3.5842753337348476
-5.145086696783965
-9.073054278511767
0.778815114060333
0.0
0.0
48.71277511066011
50.012429114310805
-63.433866545731775
3.955856036019267
-5.043003856132362
-8.726515621596608
0.9346674228981504
0.0
0.0
46.05636609392573
49.098217399025785
-60.78630466304563
4.302767124200797
-4.935616239939053
-8.375567568839841
1.0940961409556293
0.0
0.0
359.80436455181734
1089.4722528157013
424.7485738133471
-2854.584206958459
-325.0664497495339
419.5959499156362
62.64091887949716
0.0
0.0
257.4672639540134
1290.9950563578213
362.0253680922097
-1787.880642995379
-138.86124889821008
287.2439688030243
-50.64694532914457
0.0
0.0
166.02702032271793
1309.928141680335
290.68832767103066
-1150.8496760966414
-34.58279268706067
197.66156606425992
-91.37690417114672
0.0
0.0
82.95649168892092
1265.5354092273546
214.07264320796776
-739.6192302232707
21.227549846842585
129.4505013472191
-98.17406469641944
0.0
0.0
6.941755818344773
1203.7763359680446
131.75981359198133
-477.0762563113016
50.12283362618729
79.61390591981359
-92.0800843113199
0.0
0.0
-61.36613065968107
1146.6147920967408
45.97734582621583
-329.22965734931853
63.88736125356607
45.102056554922484
-83.04562657375652
0.0
0.0
-120.28358426703954
1106.5504739907005
-38.383042699487554
-269.86617291294874
67.91520032875273
20.738569903588807
-74.90043751232282
0.0
0.0
-168.07675445757368
1088.7836028663216
-115.5706822824065
-270.85661320150217
64.00462805570658
1.3887172117111568
-68.4967127488004
0.0
0.0
-203.57173534045756
1090.8038201081692
-180.705114456282
-305.25704189018575
52.54418306196382
-16.06461891265257
-63.56671685058124
0.0
0.0
-226.4300367021847
1104.0215924113734
-230.63413070928576
-351.87764410326673
33.9008186758666
-32.45585917438122
-59.64326344086501
0.0
0.0
-237.22124654077498
1117.4834375738396
-264.04453721899716
-396.4564366898137
8.99939108158878
-47.24503344895979
-56.38714263236665
0.0
0.0
-237.35407155393875
1121.5690100239435
-281.24842465867556
-430.61524296359374
-20.639336127027114
-59.492926495503454
-53.6302624762279
0.0
0.0
-228.8785798149513
1110.2069678426406
-283.8615035812945
-450.6369375760915
-53.102881403156374
-68.40359441303386
-51.321032301102555
0.0
0.0
-214.19288930430304
1081.4570272938465
-274.40697767878004
-456.43148182750406
-86.35600676914878
-73.52204419889753
-49.449081517157275
0.0
0.0
-195.72638496259546
1036.9047618226446
-255.88598024131548
-450.3928922072275
-118.48645459469667
-74.76822888331449
-47.979046089870906
0.0
0.0
-175.67525281128584
980.4172241970023
-231.38954214811776
-436.14725216065216
-147.8810454219469
-72.39493279360694
-46.80888098724615
0.0
0.0
-155.8325669257324
916.7711069544713
-203.80293938689962
-417.42313148605206
-173.31989750390997
-66.90737393740461
-45.75888027310887
0.0
0.0
-137.51523540513122
850.5281813234888
-175.60955291270068
-397.2539258575905
-194.0041148175744
-58.96990986527997
-44.5889826590928
0.0
0.0
-121.5661560206127
785.3343072960691
-148.77628455246796
-377.59630270247726
-209.54253650599227
-49.31789605633292
-43.03582899730598
0.0
0.0
-108.40463017802769
723.643012346483
-124.70099368581133
-359.32429237385077
-219.91732212915292
-38.684853992386564
-40.85799454770502
0.0
0.0
-98.10347256607155
666.7603772842733
-104.21208617817214
-342.47967482853335
-225.43599037790543
-27.74804403200815
-37.87760436155157
0.0
0.0
-90.4784911551337
615.0751358645249
-87.61768410522652
-326.6332228519845
-226.66883948582264
-17.09092020504857
-34.00878725635868
0.0
0.0
-85.18037093258131
568.353320260844
-74.80015100529121
-311.2282365914305
-224.37008997354863
-7.179440076957337
-29.267612147866547
0.0
0.0
-81.78030774176231
526.0144949819531
-65.34299175744631
-295.8227129564751
-219.3870696673633
1.6498799598258065
-23.763292396274323
0.0
0.0
-79.84130530897157
487.34698318439104
-58.66816632786941
-280.20169685454226
-212.56891809249
9.190712738899547
-17.6750680434188
0.0
0.0
-78.96904637684516
451.651120936225
-54.159220232464826
-264.37848864762896
-204.68927954064878
15.356585299473416
-11.221856687176308
0.0
0.0
-78.84013420963727
418.3186278227147
-51.25147435237304
-248.52929887107967
-196.3942436721809
20.160820314478904
-4.631881325995755
0.0
0.0
-79.21002289663961
386.8641937032266
-49.48188076812416
-232.90809838766458
-188.1793531819066
23.690130548322983
1.8824400976770885
0.0
0.0
-79.90633166729214
356.92622613754565
-48.5026284813387
-217.77435917716457
-180.39183914887928
26.07656304250115
8.141781530363827
0.0
0.0
-80.81440071795645
328.2510124779823
-48.06981238493916
-203.3476428601193
-173.2495970383572
27.47226212995983
14.009174545064564
0.0
0.0
-81.86100888585891
300.67065148278687
-48.020106179355565
-189.78839665132477
-166.86768079138494
28.02996974601437
19.392512439620248
0.0
0.0
-83.00007284671523
274.08121724375474
-48.24576361897698
-177.19710192403943
-161.2851632064308
27.890195225200124
24.242137960369313
0.0
0.0
-84.20194894402304
248.4243574041976
-48.67390635185371
-165.62289015326664
-156.488279874334
27.174405290432038
28.545371969944245
0.0
0.0
-85.44508694324085
223.67810716819852
-49.250426369582385
-155.05517666485574
-152.428752750548
25.98049090824568
32.31872446686651
0.0
0.0
-86.71916148074372
199.80842990026386
-49.942683082393536
-145.56317997957024
-149.03319651138702
24.397396940346535
35.606263441599936
0.0
0.0
-88.00384169741531
176.88774520081083
-50.69885326371668
-136.93922694486085
-146.229635244514
22.47152133550477
38.456459360565226
0.0
0.0
-89.29591190837344
154.85779077104843
-51.51229954874218
-129.30032673350752
-143.91132029548177
20.26314006408062
40.944181672246664
0.0
0.0
-90.57839151296979
133.79768395147352
-52.33605644668187
-122.45461803753474
-142.00528227332774
17.798813488283965
43.13469592308023
0.0
0.0
-91.84597506044452
113.6927201057585
-53.16312070112308
-116.42212527848302
-140.4073947214331
15.112867100654654
45.10563625681316
0.0
0.0
-93.08049019171106
94.60416049172055
-53.95088213924885
-111.00638938378466
-139.05371787972277
12.217696250189443
46.924693174873
0.0
0.0
-94.2798403075559
76.49487672163943
-54.71035917669327
-106.27983126938139
-137.83581565575238
9.145437847392026
48.66723034989245
0.0
0.0
-95.42092519189
59.450599149479395
-55.38888117838784
-101.98872922244105
-136.70809899061416
5.904163187709122
50.38814641816951
0.0
0.0
-96.49756912127815
43.42104461966019
-55.99883279779578
-98.17656315213758
-135.58120044407633
2.5224196181715377
52.15155263997431
0.0
0.0
-97.48805049037965
28.456184867392807
-56.50277012456093
-94.64815677478092
-134.41406723123978
-0.982543938641605
54.000310427218366
0.0
0.0
-98.38041647884464
14.518138827091866
-56.90634759350933
-91.38688583758234
-133.14231550664203
-4.5798073605930885
55.97850128592835
0.0
0.0
-99.15280534768391
1.6232889299518236
-57.18486562938584
-88.23863476603901
-131.73671927161328
-8.241758288556259
58.11135791970421
0.0
0.0
-99.78943263160228
-10.269231654277851
-57.343790720205455
-85.16139901359324
-130.15780402524635
-11.930639179005418
60.41883386894622
0.0
0.0
-100.26817608894513
-21.171036039355837
-57.36982489004039
-82.03475780882451
-128.39549680355307
-15.608702049830075
62.90172941376569
0.0
0.0
-100.57148708367876
-31.134844176672093
-57.27273014859943
-78.82099393720864
-126.43838815607175
-19.231392100309765
65.55068874438571
0.0
0.0
-100.67822356416319
-40.198421885905006
-57.05072185306598
-75.44546843246434
-124.30172039332552
-22.754973600267714
68.33670376378741
0.0
0.0
-100.57148364433282
-48.4304921173197
-56.72052932206805
-71.90638473798748
-122.00392315032884
-26.134540524871557
71.21920859127273
0.0
0.0
-100.23279506783253
-55.89104829938104
-56.291242991283724
-68.19395278361117
-119.58514165544341
-29.33129979214791
74.14169280960644
0.0
0.0
-99.64773435098333
-62.66274790377025
-55.78562345416204
-64.35317976098216
-117.08654023699076
-32.31652986510449
77.0431134053916
0.0
0.0
-98.8008332583079
-68.81241607599092
-55.22408127209498
-60.47801565777547
-114.55448247485562
-35.062090807766026
79.85403497059966
0.0
0.0
-97.6771610488235
-74.40500766996573
-54.620193453734245
-56.59610294231119
-112.03941287084412
-37.57626760188389
82.51711855643816
0.0
0.0
-96.26543987139321
-79.5196782131061
-54.00874970877398
-52.849862170744174
-109.56391620397214
-39.86314091193249
84.98600451779426
0.0
0.0
-94.54683993764841
-84.18348783490069
-53.39020967193144
-49.27286351305904
-107.16360127613824
-41.94687572286089
87.22247348442836
0.0
0.0
-92.50786458875466
-88.44442019091909
-52.79282148355612
-45.958118944497855
-104.83438177688774
-43.856182879701365
89.2138653482563
0.0
0.0
-90.12777046257114
-92.3074177017824
-52.21136252260513
-42.91099178909063
-102.58712832726225
-45.62390756372826
90.95040645056622
0.0
0.0
-87.39074698578109
-95.794805328691
-51.66431359580501
-40.177439622613264
-100.40218447534163
-47.279114552457315
92.44033959153559
0.0
0.0
-84.27641648136479
-98.9000208619057
-51.14284712459569
-37.740286246980176
-98.2788013634834
-48.84785848670333
93.68761283693162
0.0
0.0
-80.77018664830987
-101.63392350976132
-50.6602067596896
-35.61851769067035
-96.19398890956538
-50.34951766087456
94.70709343028796
0.0
0.0
-76.85559655291782
-103.98833849510834
-50.207592737984164
-33.78833365208537
-94.14532571053535
-51.7993886388395
95.50558553013121
0.0
0.0
-72.52291580739654
-105.97027562617451
-49.796642024015185
-32.25597677805307
-92.11249030151973
-53.20716826668549
96.09803734758903
0.0
0.0
-67.76287076828967
-107.57345011490932
-49.42064484628217
-30.997455814212127
-90.09511800326669
-54.57964441836945
96.49082910680553
0.0
0.0
-62.57385580844538
-108.80372802234996
-49.09129939869074
-30.01128441327997
-88.07748061048382
-55.919586202175616
96.69777262366436
0.0
0.0
-56.958467096099675
-109.65602591025636
-48.80628975641023
-29.28007326477526
-86.06249082946664
-57.225725348512114
96.7247830052211
0.0
0.0
-50.92119133500091
-110.13826395759811
-48.57118057096151
-28.76963695107625
-84.040230576669
-58.50368703011891
96.58565210071222
0.0
0.0
-44.482543230051974
-110.2575207912588
-48.3972308163722
-28.502604496959822
-82.0143914902626
-59.74071007316114
96.28557266355187
0.0
0.0
-37.66194242749962
-110.00747768928083
-48.28354401816068
-28.423778214660715
-79.98592023359342
-60.93675673085821
95.83869107567669
0.0
0.0
-30.49155447274749
-109.4034239823073
-48.24244927780151
-28.530141291746137
-77.95763854631201
-62.08338302074179
95.25476985088538
0.0
0.0
-23.009748908055748
-108.45150192236835
-48.27785808039894
-28.791780961045685
-75.9381928128826
-63.17288750352279
94.5455925519544
0.0
0.0
-15.264669943433956
-107.16517253966909
-48.39959245073237
-29.18633798951152
-73.93438649409507
-64.19526771505514
93.72516041450547
0.0
0.0
-7.312261551189024
-105.55861565165458
-48.612754761647224
-29.684999528113877
-71.95940678972084
-65.13967931429931
92.807008461468
0.0
0.0
0.782713763337255
-103.6505810919742
-48.925524733774026
-30.259208582124966
-70.02485969775744
-65.99373112298449
91.80763953815327
0.0
0.0
8.948330711394005
-101.46256095554621
-49.34198907178961
-30.877715871544282
-68.14758184360146
-66.7442329066983
90.74319714157379
0.0
0.0
17.10565280914878
-99.02015357832413
-49.86747518977696
-31.50871222612339
-66.34323035505938
-67.3769222658579
89.6323127359356
0.0
0.0
25.17075300036048
-96.3522047241777
-50.50330533300935
-32.1196713514043
-64.63115194026845
-67.87717893767069
88.49335984369687
0.0
0.0
33.05584223599027
-93.49106757403652
-51.25046809144236
-32.67833957491669
-63.029505884635626
-68.23003654431604
87.34635779095159
0.0
0.0
40.671748719223146
-90.47185790522336
-52.10592732889089
-33.15366101480296
-61.558350318704704
-68.42096484931548
86.21087583731028
0.0
0.0
47.93085339265228
-87.33183506013548
-53.06387637605411
-33.51531431256407
-60.23561838920684
-68.43776931558978
85.10734512164905
0.0
0.0
54.743910474606274
-84.11160088603333
-54.12110576436553
-33.744342840073315
-59.08051795676776
-68.26313116062066
84.05405086220466
0.0
0.0
61.03665319154833
-80.8444761534041
-55.25729883600569
-33.802314528394845
-58.108845564403225
-67.89240557547971
83.07167497228137
0.0
0.0
66.7340736601564
-77.57635050194084
-56.46746689333957
-33.69036245906371
-57.332204699397025
-67.31561551597282
82.17607481914311
0.0
0.0
71.77706516611005
-74.33801248467877
-57.72899065461326
-33.38461178259175
-56.76297648978138
-66.52968196352809
81.38367054553828
0.0
0.0
76.11681790728744
-71.16511127697767
-59.02620017422477
-32.884689816480076
-56.40529329605035
-65.5342343335688
80.70861771776204
0.0
0.0
79.72034276139352
-68.08536329279934
-60.33596004858655
-32.18881202133516
-56.26210337396634
-64.33420786069802
80.1623240624697
0.0
0.0
82.5695356835544
-65.1230796763875
-61.63750347721826
-31.30491774489115
-56.32903648340139
-62.93886872378471
79.75426313484377
0.0
0.0
84.665240348349
-62.294911569247816
-62.905577914057226
-30.250609351647107
-56.59942222024112
-61.3615903045941
79.49003688004595
0.0
0.0
86.01543389057848
-59.61486353383668
-64.12631293375733
-29.026641737044176
-57.05462243198151
-59.6250871189686
79.37537925570061
0.0
0.0
86.65861600211197
-57.091690141769355
-65.26316694417032
-27.684997331105265
-57.68776782553136
-57.74913775486456
79.40618687249477
0.0
0.0
86.63580971727247
-54.72036647746882
-66.31184655898537
-26.23279502152733
-58.464218292647715
-55.761903138292155
79.58457578080939
0.0
0.0
86.00683623669482
-52.500058766092906
-67.24522479313411
-24.711435427709127
-59.369234976944824
-53.69477615665807
79.89950414979252
0.0
0.0
84.83951716528067
-50.421062138103714
-68.05673287449756
-23.150298749945083
-60.36902431850413
-51.57924536171531
80.34388313858184
0.0
0.0
83.2120190274049
-48.4720668378908
-68.73217956027766
-21.585378698528757
-61.439363085562995
-49.4490680090151
80.90274049087837
0.0
0.0
81.20677366573517
-46.63890864990159
-69.26929510969103
-20.04924726575177
-62.54918325246893
-47.3367172820994
81.56059202096156
0.0
0.0
78.91027317479666
-44.90619493609779
-69.66513342990882
-18.573475941830978
-63.67257466175235
-45.27370160510868
82.29756528835684
0.0
0.0
76.40870362728161
-43.25821141343866
-69.92438790424352
-17.18614553059967
-64.78288243117944
-43.28842985838453
83.09236103561483
0.0
0.0
73.78664845430767
-41.679433533858365
-70.0537394414015
-15.911133251140082
-65.85772741853305
-41.40585393523888
83.92142320963345
0.0
0.0
71.12406666739933
-40.15542165677971
-70.06490569093748
-14.767518347744527
-66.87696629909829
-39.64626949857852
84.76054890779584
0.0
0.0
68.49490815869927
-38.67301195025991
-69.9718283592578
-13.768866517217159
-67.82467876471932
-38.02502775443031
85.58524126523572
0.0
0.0
65.96384586291865
-37.22053299859493
-69.79239186714157
-12.92111358194071
-68.6881648738893
-36.552186408136365
86.37216594559901
0.0
0.0
63.592993513298026
-35.790018512291866
-69.5396433508655
-12.236157809026043
-69.46022407996335
-35.23214938851636
87.0984669477315
0.0
0.0
61.42294023937587
-34.370223420663315
-69.242747484992
-11.697962218265388
-70.13205748460935
-34.064968317749276
87.74586001611802
0.0
0.0
59.49525200919198
-32.95791451132454
-68.91029589619842
-11.308849176714535
-70.70725134486446
-33.04580766350344
88.29679438602932
0.0
0.0
57.83483987892374
-31.548183643546793
-68.56760333349737
-11.057073315346312
-71.18249504100805
-32.1654687202067
88.73987653827639
0.0
0.0
56.459633531219225
-30.137414047617824
-68.22749005122088
-10.928985178871628
-71.56438296337213
-31.41260258733163
89.06566943324538
0.0
0.0
55.37609680053696
-28.724213855274524
-67.90783473976444
-10.910479992955281
-71.85708072543046
-30.772849435257825
89.27011568641726
0.0
0.0
54.58327461877164
-27.307347962681344
-67.61983492065188
-10.9848803165635
-72.06913112623604
-30.230837404114784
89.35253993520566
0.0
0.0
54.07156212307276
-25.88703338949526
-67.37508107016343
-11.136232941791127
-72.20866695427097
-29.77021034923772
89.3163733349131
0.0
0.0
53.82534783078585
-24.463693218260605
-67.18072180975508
-11.347899846874613
-72.28567195417561
-29.374755794624516
89.16818380540366
0.0
0.0
53.82327369866354
-23.03860949146065
-67.04251016874453
-11.604534471314583
-72.30995017495636
-29.028677381440396
88.91743428260044
0.0
0.0
54.04021131493156
-21.613304815930924
-66.96293056741129
-11.891447166207328
-72.2918069846078
-28.717223531019158
88.57570202776432
0.0
0.0
54.448116062956224
-20.189831674102606
-66.9426849763317
-12.195592491150553
-72.24108814625272
-28.426901630987434
88.15612578478954
0.0
0.0
55.01757332455894
-18.77047893546871
-66.9801113261275
-12.505276471396765
-72.16732406270566
-28.145777108250364
87.67270975876741
0.0
0.0
55.71873699725803
-17.35788351612706
-67.0720597215193
-12.810571026221616
-72.07924229091154
-27.86355502544026
87.13974868579191
0.0
0.0
56.52247187131438
-15.95487464335548
-67.21386669108209
-13.103116376004598
-71.98476602259902
-27.57166111744035
86.57126711179261
0.0
0.0
57.401099672726126
-14.564492217709121
-67.39996109999596
-13.376221093882563
-71.89077897185291
-27.263205244743904
85.98056821180161
0.0
0.0
58.32912714174434
-13.18987975145866
-67.62404500843103
-13.624671033994982
-71.80312523615197
-26.932927053536712
85.3798593377848
0.0
0.0
59.28368347156367
-11.834252928330843
-67.87953373443717
-13.844666374823628
-71.72653252961858
-26.577079731810485
84.77998471826737
0.0
0.0
60.244859516232026
-10.500811270056719
-68.15976834081857
-14.033624249296931
-71.66465893766018
-26.19330042557522
84.19024878571022
0.0
0.0
61.19583346294039
-9.192687688525561
-68.45831660275879
-14.190044085899448
-71.62012026906021
-25.780451645159566
83.61833239590736
0.0
0.0
62.122893564134685
-7.91287713197764
-68.76913399847389
-14.313317361775482
-71.59458363648872
-25.338458690452747
83.07028644491035
0.0
0.0
63.015317676032424
-6.6641901413154265
-69.08673851450891
-14.403576411536577
-71.58885699811762
-24.868138397295823
82.5505930321084
0.0
0.0
63.86518030738705
-5.44920421734598
-69.40629212443574
-14.461527572660906
-71.6030106820055
-24.37103285651346
82.06227822507134
0.0
0.0
64.66707999018679
-4.270234828012676
-69.72366940313955
-14.488314609905293
-71.63649402865398
-23.849247393401726
81.60706309102268
0.0
0.0
65.41783406429519
-3.1293121825429826
-70.03546439747451
-14.485385784682645
-71.68826202154656
-23.30530047051496
81.18553868893065
0.0
0.0
66.11614514098355
-2.02817336091045
-70.33898133153012
-14.454386651999144
-71.7568919116424
-22.74198580899466
80.79735305387449
0.0
0.0
66.76226957624691
-0.9682615374848638
-70.63218806553955
-14.397064479321713
-71.84069626718792
-22.162250773607376
80.44139942524885
0.0
0.0
67.35769332779974
0.04926423169313732
-70.91365970161529
-14.315194395889204
-71.93782186984899
-21.5690909988173
80.11599735255255
0.0
0.0
67.9048327996111
1.023514147930251
-71.18250386652663
-14.210518907640228
-72.04633798197452
-20.965462817247285
79.81906018241804
0.0
0.0
68.40676321307251
1.9538470001965698
-71.43828442594305
-14.08470481489416
-72.1643089987461
-20.35421267096565
79.5482445559779
0.0
0.0
68.86698277719759
2.8398473936961075
-71.68094026164138
-13.939311964777783
-72.28985425632473
-19.738023319678245
79.30107925346977
0.0
0.0
69.28921181699556
3.6813010568260474
-71.91070904883064
-13.77577486920039
-72.42119331735502
-19.119375263458622
79.07507232080887
0.0
0.0
69.67722891361255
4.478170569454008
-72.12805429038286
-13.59539317596332
-72.55667935774115
-18.500522095936812
78.8677966162632
0.0
0.0
70.03474077106438
5.230571758552568
-72.33360103322875
-13.399330667194986
-72.69482077632463
-17.88347775750172
78.67695490310076
0.0
0.0
70.36528428664082
5.93875205232709
-72.52807877649767
-13.18861983105897
-72.83429349494575
-17.27001390317053
78.50042626476674
0.0
0.0
70.67215637920901
6.603070820156769
-72.71227408636977
-12.964171228370965
-72.9739448703068
-16.661665297584324
78.33629607106216
0.0
0.0
70.95836846475956
7.2239822478511675
-72.88699132371295
-12.72678554521179
-73.11279136372819
-16.059741433419738
78.18287192510883
0.0
0.0
71.2266210445551
7.802020550115021
-73.05302225584818
-12.477167576738012
-73.25001107233174
-15.465342548542612
78.03868808740935
0.0
0.0
71.47929501277179
8.337787616462503
-73.21112290848671
-12.215940736548182
-73.38493282122803
-14.879378534969382
77.90250077894703
0.0
0.0
71.71845573699648
8.83194276002172
-73.36199751077481
-11.943661569106808
-73.51702277321526
-14.30258935859177
77.77327660518877
0.0
0.0
71.94586695610347
9.285194437026277
-73.50628799474997
-11.660833429019739
-73.64586977521971
-13.735565920100514
77.65017609679809
0.0
0.0
72.1630114417368
9.69829357761935
-73.64456852350006
-11.367919070296237
-73.77117012202953
-13.178770461872894
77.53253410562243
0.0
0.0
72.37111619791534
10.072028315046479
-73.77734374196093
-11.065351742257526
-73.89271251864308
-12.63255589142652
77.41983850475083
0.0
0.0
72.57118007408889
10.407219796004483
-73.9050501607221
-10.753544749625718
-74.01036363839012
-12.097183554397514
77.3117083746162
0.0
0.0
72.76400232067252
10.704718865209163
-74.02805966023546
-10.432899364319963
-74.12405470621154
-11.57283918923306
77.20787259040108
0.0
0.0
72.95021077196147
10.965403377338134
-74.14668461827489
-10.103811191980292
-74.23376927227864
-11.05964691639453
77.1081494984378
0.0
0.0
73.13028882565686
11.190175977248378
-74.26118394070402
-9.766675043244508
-74.33953235262108
-10.557681246519454
77.01242815783878
0.0
0.0
73.30460052813646
11.37996217479729
-74.37176964630851
-9.421888490331945
-74.44140094019698
-10.066977164063328
76.92065145444207
0.0
0.0
73.4734134107876
11.535708611218222
-74.47861353889454
-9.069854231437102
-74.53945590122896
-9.587538417311782
76.83280124604487
0.0
0.0
73.636918819486
11.658381408050865
-74.58185376308977
-8.7109814627247
-74.63379516494142
-9.119344176513607
76.74888558746655
0.0
0.0
73.79524969702611
11.748964542449794
-74.68160097410649
-8.34568640005648
-74.72452813239632
-8.662354253767028
76.66892799280906
0.0
0.0
73.94849582881841
11.808458191314244
-74.7779440349987
-7.974392129670202
-74.81177116919498
-8.2165130806289
76.59295863149694
0.0
0.0
74.09671669206257
11.837877021087902
-74.87095511143183
-7.597527921254151
-74.89564407061202
-7.781752643550023
76.52100730759074
0.0
0.0
74.239952061628
11.838248401734578
-74.96069415849216
-7.215528145040373
-74.97626735636065
-7.357994563340137
76.4530980476282
0.0
0.0
74.37823059491504
11.810610543870634
-75.04721275994049
-6.8288309005191
-75.05376027947786
-6.9451514936341106
76.38924510556684
0.0
0.0
74.51157660543032
11.756010558238914
-75.13055736297312
-6.437876462407069
-75.12823941962507
-6.543127992455388
76.32945019347798
0.0
0.0
74.64001526496722
11.675502450341503
-75.21077192021868
-6.043105619100505
-75.19981775979572
-6.151821003554683
76.27370074802472
0.0
0.0
74.76357644736811
11.57014506047436
-75.28790000557146
-5.644957976236491
-75.2686041399877
-5.771120062328239
76.22196905631309
0.0
0.0
74.88229743414692
11.44099996756354
-75.361986440344
-5.243870274057344
-75.3347030081423
-5.400907323208703
76.17421207621877
0.0
0.0
74.99622466971833
11.289129371633557
-75.43307850167301
-4.840274764309834
-75.39821438839583
-5.041057485744489
76.13037180480194
0.0
0.0
75.10541474944057
11.115593975387661
-75.50122675766342
-4.434597671848879
-75.4592340090473
-4.6914376815794165
76.09037606406575
0.0
0.0
75.20993479152993
10.921450879550326
-75.5664855961157
-4.027257768356979
-75.51785353465905
-4.351907368247802
76.05413959211513
0.0
0.0
75.30986233413118
10.707751510477332
-75.62891348955657
-3.618665068548582
-75.57416086414717
-4.022318264376613
76.02156534387655
0.0
0.0
75.4052848706833
10.475539594659217
-75.6885730525656
-3.209219658892044
-75.62824045973144
-3.702514349118582
75.99254592176251
0.0
0.0
75.4962991257994
10.225849193891726
-75.74553092832976
-2.799310662740865
-75.68017368391989
-3.3923319402998313
75.96696507083848
0.0
0.0
75.58301015093613
9.959702813508212
-75.79985754774398
-2.3893153416619093
-75.73003912461655
-3.0915998580800834
75.94469918666823
0.0
0.0
75.66553030934448
9.678109595260384
-75.85162679006184
-1.97959832808069
-75.77791289732374
-2.8001396757409562
75.9256187943742
0.0
0.0
75.74397820191055
9.382063601968184
-75.90091557741495
-1.5705109882612511
-75.82386891442879
-2.517766054121535
75.90958996881446
0.0
0.0
75.8184775783019
9.07254220363376
-75.94780342328762
-1.1623909042486549
-75.86797911902029
-2.244287153914009
75.8964756724449
0.0
0.0
75.889156263752
8.750504569082027
-75.99237195869851
-0.7555614710402372
-75.91031367946178
-1.979505116818355
75.88613699614656
0.0
0.0
75.95614512776041
8.416890269042998
-76.0347044482813
-0.35033159775788114
-75.9509411469704
-1.7232166061981697
75.87843429264741
0.0
0.0
76.01957710990946
8.072617992146778
-76.07488531295007
0.05300449204978275
-75.98992857637116
-1.4752133959281324
75.87322819811703
0.0
0.0
76.07958631655484
7.7185843778137055
-76.11299966536352
0.45416737430255427
-76.02734161483001
-1.2352829971454946
75.87038053980524
0.0
0.0
76.1363071934396
7.3556629650303815
-76.14913286956347
0.8528924565388714
-76.0632445602464
-1.0032093118000704
75.86975513220295
0.0
0.0
76.18987377994216
6.984703257288444
-76.1833701264424
1.248929937989221
-76.0977003954347
-0.7787733027012245
75.87121846426683
0.0
0.0
76.24041904362807
6.606529903552073
-76.215796092599
1.6420447072660167
-76.13077079993829
-0.5617536708692836
75.87464028426271
0.0
0.0
76.28807429593026
6.221941991634993
-76.246494531143
2.032016181190002
-76.16251614593915
-0.35192753097003227
75.87989408715313
0.0
0.0
76.33296868402992
5.831712453323641
-76.27554799937799
2.4186380960285296
-76.19299547964467
-0.14907107752775683
75.8868575129606
0.0
0.0
76.37522875705211
5.436587575845486
-76.30303756994128
2.8017182524031092
-76.222266493929
0.04703976539474408
75.8954126623152
0.0
0.0
76.41497810013783
5.0372866187638135
-76.32904258823825
3.181078226128432
-76.2503854937261
0.23662871645262473
75.90544633746627
0.0
0.0
76.45233703267749
4.634501529635314
-76.35364046246458
3.556553044491509
-76.27740735789692
0.41991853638405097
75.91685021608392
0.0
0.0
76.48742236455234
4.228896755314884
-76.376906486597
3.927990835822314
-76.30338549976624
0.5971304584243712
75.92952096477998
0.0
0.0
76.520347205605
3.821109145030535
-76.39891369339314
4.295252458848338
-76.32837182829809
0.7684836527037497
75.94336029977934
0.0
0.0
76.55122082261663
3.411747937712712
-76.4197327364705
4.658211110035397
-76.35241671138044
0.9341947272275223
75.95827500108169
0.0
0.0
76.58014853931792
3.0013948317751624
-76.43943179808214
5.016751919584666
-76.37556894314355
1.0944772668125182
75.97417688627864
0.0
0.0
76.60723167394039
2.5906041298420357
-76.45807652204306
5.370771534606247
-76.39787571560245
1.2495414110718457
75.99098274974598
0.0
0.0
76.63256751048532
2.179902954393902
-76.47572996806865
5.720177694391703
-76.41938259583543
1.3995934717791139
76.00861427259872
0.0
0.0
76.65624929881056
1.7697915289295645
-76.4924525866564
6.064888800597148
-76.44013350891062
1.5448355895140846
76.02699790808494
0.0
0.0
76.678366280226
1.3607435191047683
-76.50830221156507
6.404833483198112
-76.46017072708568
1.6854654291702191
76.04606474674422
0.0
0.0
76.69900373461036
0.9532064299385745
-76.5233340684473
6.739950167405128
-76.47953486520723
1.8216759131876583
76.06575036527096
0.0
0.0
76.71824304593305
0.5476020525970351
-76.53760079752543
7.070186639661905
-76.49826488210317
1.9536549916157617
76.08599466284014
0.0
0.0
76.73616178330542
0.14432695691866337
-76.55115248841425
7.395499616928879
-76.51639808831268
2.0815854474162565
76.10674168746569
0.0
0.0
76.7528337947126
-0.25624697457377343
-76.56403672569716
7.715854321349084
-76.53397015929862
2.2056447352828257
76.12793945573137
0.0
0.0
76.76832931114029
-0.6537719777937718
-76.5762986435366
8.03122405735856
-76.5510151540856
2.3260048526720043
76.14953976798571
0.0
0.0
76.7827150590037
-1.0479238048688209
-76.58798098770433
8.341589798206199
-76.56756553909831
2.442832240509544
76.17149802110706
0.0
0.0
76.79605437878008
-1.438401094784114
-76.59912418422232
8.646939778782103
-76.58365221627808
2.5562877122403442
76.19377302087719
0.0
0.0
76.80840734841563
-1.8249247208581902
-76.60976641278191
8.947269095186902
-76.59930455553662
2.6665264090759884
76.21632679529799
0.0
0.0
76.81983090984812
-2.2072371169807044
-76.61994368433645
9.2425793162645
-76.61455043080898
2.7736977792406647
76.23912441022561
0.0
0.0
76.83037899736074
-2.585101588588593
-76.62968992166387
9.532878102012688
-76.62941625911753
2.8779455796235727
76.26213378871233
0.0
0.0
76.84010266676985
-2.9583016101642716
-76.63903704195897
9.818178833200182
-76.64392704268406
2.9794078977352427
76.28532553442349
0.0
0.0
76.84905022430489
-3.326640113105552
-76.64801504093725
10.098500250913812
-76.65810641294844
3.078217192128355
76.3086727604903
0.0
0.0
76.85726735450707
-3.6899387665316246
-76.65665207733993
10.373866107226362
-76.67197667672997
3.174500349465063
76.33215092392237
0.0
0.0
76.86479724626739
-4.048037254239223
-76.6649745576724
10.644304826444792
-76.68555886362459
3.2683787565481213
76.35573766636857
0.0
0.0
76.87168071659582
-4.400792550184778
-76.6730072202594
10.909849177339582
-76.6988727745691
3.3599683856703058
76.37941266131351
0.0
0.0
76.87795633146172
-4.748078194772214
-76.68077321842001
11.170535956772358
-76.71193703114
3.4493798916790803
76.40315746811028
0.0
0.0
76.88366052343315
-5.089783574044861
-76.68829420221829
11.42640568502733
-76.724769125102
3.536718719253613
76.42695539296221
0.0
0.0
76.88882770566907
-5.425813204729056
-76.69559039851737
11.677502310892393
-76.73738546813699
3.6220852191862916
76.45079135692468
0.0
0.0
76.89349038216005
-5.756086024983359
-76.7026806889585
11.923872930428676
-76.74980144150068
3.7055747720373238
76.47465177076297
0.0
0.0
76.89767925385237
-6.080534695170828
-76.70958268592388
12.165567514305522
-76.76203144499618
3.7872779184836016
76.49852441691989
0.0
0.0
76.90142332073039
-6.399104907618632
-76.71631280578862
12.402638648349985
-76.77408894553413
3.867280494566594
76.52239833828135
0.0
0.0
76.90474997955586
-6.711754708549306
-76.72288633989292
12.635141283761074
-76.78598652491483
3.945663771523663
76.54626373340565
0.0
0.0
76.90768511738972
-7.018453832357472
-76.72931752271714
12.863132498996134
-76.79773592629321
4.022504598682048
76.57011185869814
0.0
0.0
76.91025320083823
-7.3191830498864325
-76.7356195972708
13.086671271722743
-76.80934810004058
4.097875548939458
76.59393493637886
0.0
0.0
76.91247736096246
-7.6139335311950065
-76.74180487791763
13.30581826188357
-76.82083324794107
4.171845065831534
76.61772606885357
0.0
0.0
76.91437947409028
-7.902706224203761
-76.74788481012872
13.520635604216348
-76.83220086620938
4.244477611578066
76.64147915889004
0.0
0.0
76.91598023840243
-8.185511248757267
-76.7538700275833
13.731186712683229
-76.84345978729982
4.315833815355353
76.66518883511336
0.0
0.0
76.91729924647048
-8.46236730914237
-76.75977040659495
13.93753609135625
-76.85461821976085
4.385970621508686
76.68885038325098
0.0
0.0
76.918355054
-8.733301121516448
-76.76559511737602
14.13974916003388
-76.86568378728516
4.454941436596526
76.7124596819148
0.0
0.0
76.91916524445978
-8.998346861745699
-76.77135267329606
14.337892083437922
-76.87666356536363
4.522796275627071
76.73601314373832
0.0
0.0
76.91974649043303
-9.25754562887866
-76.77705097656302
14.532031614990832
-76.88756411726449
4.5895819062396335
76.75950766052202
0.0
0.0
76.92011461089571
-9.510944928656764
-76.78269736246779
14.722234945320473
-76.89839152770128
4.655341991168791
76.78294055300557
0.0
0.0
76.92028462565615
-9.758598174236218
-76.78829863990214
14.90856956227815
-76.90915143538732
4.720117228135187
76.80630952459492
0.0
0.0
76.92027080590086
-10.000564206115046
-76.7938611306367
15.091103117711189
-76.91984906385616
4.783945487290608
76.8296126187222
0.0
0.0
76.9200867221913
-10.236906830269508
-76.79939070528829
15.269903303087286
-76.93048925082837
4.8468619457902165
76.85284817990022
0.0
0.0
76.9197452889467
-10.467694374744035
-76.80489281780758
15.445037732876536
-76.94107647585622
4.9088992192264
76.87601481815439
0.0
0.0
76.91925880651227
-10.692999264818152
-76.81037253722063
15.616573835373462
-76.9516148869403
4.970087489994902
76.89911137621972
0.0
0.0
76.91863900015602
-10.912897616002661
-76.81583457786962
15.784578751594198
-76.96210832505692
5.030454632157766
76.92213690011212
0.0
0.0
76.91789705681077
-11.127468845823348
-76.82128332713236
15.94911923964132
-76.97256034796835
5.090026333068559
76.9450906118841
0.0
0.0
76.9170436590908
-11.336795302392085
-76.82672287183112
16.1102615882714
-76.98297425203478
5.148826211132331
76.96797188534721
0.0
0.0
76.9160890172753
-11.540961911530534
-76.83215702234239
16.26807153482558
-76.9933530932572
5.206875930250434
76.99078022367736
0.0
0.0
76.91504289886413
-11.740055840533941
-76.83758933549541
16.422614190811643
-77.0036997065348
5.2641953104197
77.01351523960264
0.0
0.0
76.91391465631823
-11.934166179144677
-76.84302313543459
16.57395397302892
-77.0140167242573
5.320802434706938
77.03617663709657
0.0
0.0
76.912713252645
-12.123383636944366
-76.8484615334022
16.72215454088429
-77.02430659304989
5.376713752453827
77.05876419547263
0.0
0.0
76.91144728539378
-12.307800257279379
-76.8539074456435
16.867278738632482
-77.03457159014135
5.431944178889139
77.08127775455864
0.0
0.0
76.91012500870087
-12.487509146588119
-76.85936361042964
17.009388543833428
-77.0448138379031
5.48650719087899
77.10371720206469
0.0
0.0
76.9087543539926
-12.662604219571067
-76.86483260330628
17.148545020163855
-77.055035318022
5.54041491913943
77.12608246183756
0.0
0.0
76.90734294890134
-12.833179959187149
-76.87031685173683
17.284808275286224
-77.06523788418856
5.593678236780878
77.14837348380368
0.0
0.0
76.90589813511026
-12.999331191104858
-76.87581864792467
17.418237423896013
-77.07542327418551
5.646306844139221
77.1705902350025
0.0
0.0
76.90442698450039
-13.161152872747136
-76.88134016134974
17.548890553933568
-77.08559312086257
5.698309350272762
77.19273269170327
0.0
0.0
76.90293631448169
-13.318739895410024
-76.88688344953442
17.67682469865556
-77.09574896247045
5.749693350711143
77.21480083262225
0.0
0.0
76.90143270176739
-13.472186900274671
-76.89245046862523
17.802095810997642
-77.10589225198403
5.8004655020159515
77.23679463304087
0.0
0.0
76.89992249546718
-13.621588106693302
-76.89804308244214
17.924758743121227
-77.1160243659611
5.85063159279418
77.25871405969099
0.0
0.0
76.89841182884913
-13.767037153291664
-76.90366307131015
18.04486722821798
-77.12614661230377
5.900196611497238
77.28055906664486
0.0
0.0
76.8969066304745
-13.90862695038776
-76.90931213958363
18.162473867257532
-77.13626023780114
5.949164811039436
77.30232959160581
0.0
0.0
76.8954126341959
-14.046449544554683
-76.91499192300071
18.277630117045945
-77.14636643458287
5.997539770161753
77.32402555318708
0.0
0.0
76.89393538863341
-14.18059599355229
-76.92070399483963
18.390386282822714
-77.15646634647521
6.0453244518727915
77.34564684839364
0.0
0.0
76.89248026562683
-14.311156252017215
-76.92644987207231
18.500791513117285
-77.16656107426056
6.092521258789324
77.36719335101033
0.0
0.0
76.89105246834181
-14.438219067448566
-76.93223102025544
18.60889379676079
-77.17665168097462
6.139132085696947
77.38866491012861
0.0
0.0
76.88965703836395
-14.56187188560079
-76.93804885861594
18.71473996297296
-77.18673919616435
6.185158369222908
77.41006134944091
0.0
0.0
76.88829886258009
-14.682200764917749
-76.94390476397733
18.818375683993523
-77.19682462029257
6.230601134788573
77.43138246650086
0.0
0.0
76.88698267919922
-14.799290300459962
-76.94980007487479
18.919845478539735
-77.20690892803948
6.275461041036151
77.45262803281626
0.0
0.0
76.88571308359589
-14.913223555165745
-76.95573609457252
19.019192719342755
-77.21699307191544
6.319738421524745
77.47379779379145
0.0
0.0
76.8844945333383
-15.024082000284697
-76.96171409446717
19.11645963998578
-77.22707798487944
6.363433324154533
77.49489146927283
0.0
0.0
76.88333135322264
-15.131945462264643
-76.96773531629856
19.211687345839735
-77.23716458310695
6.40654554808399
77.51590875414215
0.0
0.0
76.88222773946053
-15.236892077502942
-76.97380097489058
19.304915825101506
-77.24725376813005
6.449074678452057
77.53684931916017
0.0
0.0
76.88118776400123
-15.338998253735255
-76.97991225977617
19.396183961516602
-77.25734642877241
6.4910201187995815
77.55771281213919
0.0
0.0
76.8802153780639
-15.43833863753423
-76.9860703372733
19.485529549244834
-77.26744344296954
6.532381121456252
77.57849885896773
0.0
0.0
76.87931441579904
-15.534986088575359
-76.99227635173776
19.572989307136996
-77.27754567902286
6.573156815881102
77.59920706514139
0.0
0.0
76.87848859735874
-15.629011658663133
-76.99853142698154
19.6585988963657
-77.28765399703724
6.613346235043409
77.6198370169876
0.0
0.0
76.87774153194701
-15.720484576728246
-77.00483666725586
19.74239293760301
-77.29776924965968
6.652948339806908
77.64038828350724
0.0
0.0
76.87707672052811
-15.809472239118422
-77.01119315816155
19.82440502846452
-77.30789228316196
6.691962041843804
77.66086041770183
0.0
0.0
76.87649755840019
-15.896040203547281
-77.01760196733746
19.9046677641304
-77.31802393790372
6.730386224424181
77.68125295845353
0.0
0.0
76.8760073375739
-15.980252188744718
-77.0240641450156
19.983212755618712
-77.3281650488664
6.768219761917375
77.70156543219449
0.0
0.0
76.87560924898297
-16.062170077158672
-77.03058072445103
20.060070651177703
-77.33831644604348
6.805461537530251
77.72179735463413
0.0
0.0
76.87530638458149
-16.14185392174527
-77.03715272215427
20.135271157345635
-77.34847895461584
6.842110459543492
77.74194823256688
0.0
0.0
76.87510173925543
-16.21936195726655
-77.04378113823161
20.208843058569762
-77.35865339497988
6.87816547640057
77.7620175657087
0.0
0.0
76.87499821276138
-16.294750612717767
-77.05046695618859
20.280814241520815
-77.36884058294066
6.913625589958193
77.78200484836691
0.0
0.0
76.87499861129339
-16.368074529273983
-77.05721114333028
20.351211714617705
-77.37904132940703
6.948489868013021
77.8019095713007
0.0
0.0
76.8751056493645
-16.439386579152004
-77.06401465027395
20.420061631395622
-77.3892564403351
6.982757455204167
77.82173122346605
0.0
0.0
76.87532195115966
-16.50873788755442
-77.07087841115309
20.487389313197337
-77.39948671646047
7.01642758284732
77.84146929371035
0.0
0.0
76.87565005220068
-16.576177857648002
-77.07780334324461
20.55321927014457
-77.40973295300049
7.049499577921846
77.86112327246086
0.0
0.0
76.87609240073454
-16.641754196223022
-77.08479034676978
20.61757522525071
-77.41999593924679
7.081972870631477
77.88069265345337
0.0
0.0
76.87665135909818
-16.705512942583365
-77.09184030473936
20.680480135745007
-77.43027645826201
7.1138470013474375
77.90017693519104
0.0
0.0
76.8773292051879
-16.76749849839895
-77.09895408245173
20.741956215720318
-77.44057528634954
7.145121626463235
77.91957562266145
0.0
0.0
76.87812813363432
-16.827753659063863
-77.10613252738584
20.8020249588541
-77.45089319262473
7.175796523352222
77.9388882287428
0.0
0.0
76.87905025720798
-16.886319646722793
-77.11337646871233
20.8607071601884
-77.46123093852918
7.205871594632502
77.95811427567794
0.0
0.0
76.88009760802255
-16.94323614450022
-77.12068671702282
20.918022937578105
-77.47158927731778
7.235346871675743
77.97725329646202
0.0
0.0
76.88127213878168
-16.998541330897535
-77.12806406396344
20.973991754900236
-77.48196895355875
7.264222517225502
77.99630483614048
0.0
0.0
76.8825757240386
-17.052271916373886
-77.1355092818367
21.028632441931986
-77.49237070254372
7.292498827606021
78.01526845314577
0.0
0.0
76.88401016134738
-17.10446317954021
-77.143023123326
21.081963216606294
-77.50279524985551
7.320176234129287
78.03414372037993
0.0
0.0
76.88557717253757
-17.155149004513945
-77.15060632106224
21.134001705316265
-77.51324331074898
7.3472553040131885
78.05293022645168
0.0
0.0
76.8872784048307
-17.20436191825064
-77.15825958734398
21.184764964402603
-77.52371558973451
7.373736740706231
78.07162757664197
0.0
0.0
76.88911543208609
-17.252133128999226
-77.16598361381065
21.23426949918108
-77.53421277991676
7.399621383806216
78.09023539400394
0.0
0.0
76.89108975596767
-17.29849256422445
-77.17377907108042
21.282531284516242
-77.5447355626945
7.424910208491168
78.10875332013353
0.0
0.0
76.89320280710876
-17.343468908813932
-77.18164660852932
21.329565784484675
-77.55528460706046
7.449604324408304
78.12718101621225
0.0
0.0
76.89545594632817
-17.387089643674685
-77.18958685395063
21.375387970974188
-77.56586056930978
7.47370497442057
78.14551816363601
0.0
0.0
76.89785046577404
-17.42938108396267
-77.19760041335333
21.42001234250945
-77.57646409250953
7.4972135327902585
78.16376446481169
0.0
0.0
76.90038759014959
-17.470368417169205
-77.20568787069395
21.463452942551335
-77.58709580602415
7.520131503132793
78.18191964383904
0.0
0.0
76.90306847785253
-17.51007574099658
-77.21384978769025
21.505723377500928
-77.59775632527248
7.542460516086358
78.19998344698658
0.0
0.0
76.90589422220656
-17.548526101358004
-77.22208670366102
21.546836833177586
-77.60844625111915
7.564202326713826
78.21795564336784
0.0
0.0
76.90886585263317
-17.58574152890819
-77.23039913526765
21.586806093423988
-77.61916616975277
7.5853588116147
78.23583602527168
0.0
0.0
76.91198433581975
-17.62174307698883
-77.23878757656409
21.625643554150496
-77.62991665210852
7.6059319659378914
78.25362440869223
0.0
0.0
76.91525057697253
-17.656550856774704
-77.24725249866289
21.663361241970918
-77.6406982538678
7.62592390008337
78.27132063346954
0.0
0.0
76.91866542093202
-17.690184074222852
-77.25579434991351
21.699970827536223
-77.65151151479297
7.645336836386021
78.28892456387999
0.0
0.0
76.92222965349154
-17.722661064639578
-77.2644135555374
21.735483641914062
-77.66235695886932
7.664173105475397
78.30643608855006
0.0
0.0
76.9259440024097
-17.753999327799587
-77.27311051799747
21.76991069049194
-77.67323509379155
7.682435142745147
78.3238551208206
0.0
0.0
76.92980913885526
-17.7842155616079
-77.28188561653553
21.803262667801512
-77.68414641092532
7.700125484473597
78.34118159883275
0.0
0.0
76.93382567834158
-17.81332569589653
-77.29073920768387
21.83554997021349
-77.69509138502698
7.717246764098637
78.35841548557366
0.0
0.0
76.93799418217206
-17.841344924617033
-77.29967162484539
21.866782710305472
-77.70607047425409
7.733801708214929
78.3755567688827
0.0
0.0
76.94231515843346
-17.868287738141987
-77.30868317877305
21.896970728670002
-77.71708411980373
7.749793132685931
78.3926054615639
0.0
0.0
76.94678906333237
-17.894167954220052
-77.31777415737231
21.92612360664987
-77.72813274616655
7.765223938661513
78.40956160105534
0.0
0.0
76.95141630230079
-17.918998748310248
-77.32694482602373
21.954250678538273
-77.73921676065446
7.780097108475793
78.42642524968039
0.0
0.0
76.95619723123514
-17.942792683467474
-77.33619542758667
21.98136104218719
-77.75033655378225
7.794415701753263
78.44319649411169
0.0
0.0
76.96113215763766
-17.965561738862483
-77.34552618269709
22.00746357079313
-77.76149249885391
7.808182851316898
78.45987544555162
0.0
0.0
76.9662213418531
-17.987317337882786
-77.3549372897848
22.03256692319333
-77.77268495231006
7.821401759151303
78.47646223923955
0.0
0.0
76.97146499813053
-18.00807037534036
-77.36442892552179
22.056679553938416
-77.78391425351585
7.834075692540018
78.49295703435794
0.0
0.0
76.97686329592995
-18.02783124385307
-77.37400124477551
22.079809723095583
-77.79518072500059
7.846207980006681
78.50936001365426
0.0
0.0
76.98241636094792
-18.046609859257597
-77.3836543811068
22.101965505756816
-77.80648467231671
7.857802007444614
78.52567138325638
0.0
0.0
76.98812427634614
-18.06441568540755
-77.39338844682335
22.12315480092358
-77.8178263844389
7.8688612142971595
78.54189137213376
0.0
0.0
76.99398708383146
-18.081257758104083
-77.40320353345395
22.143385340006386
-77.8292061335067
7.879389089705265
78.55802023199485
0.0
0.0
77.00000478484971
-18.09714470806562
-77.4130997118237
22.162664695089827
-77.84062417534878
7.889389168793911
78.57405823662693
0.0
0.0
77.0061773415883
-18.112084783274923
-77.42307703263744
22.181000286837833
-77.85208074928167
7.898865029002411
78.5900056817275
0.0
0.0
77.01250467823712
-18.126085870338404
-77.4331355264666
22.19839939198391
-77.86357607856004
7.907820286487123
78.60586288433132
0.0
0.0
77.0189866818778
-18.13915551527519
-77.44327520446913
22.214869150297258
-77.87511037038202
7.916258592613422
78.62163018238437
0.0
0.0
77.0256232037888
-18.151300943188048
-77.453496058328
22.230416571750435
-77.88668381614951
7.9241836304713615
78.63730793440281
0.0
0.0
77.03241406028094
-18.162529077722656
-77.46379806098561
22.245048542206373
-77.89829659169152
7.931599111644738
78.65289651882311
0.0
0.0
77.03935903392048
-18.17284655859342
-77.47418116669921
22.258771831361862
-77.90994885750231
7.938508772728228
78.66839633366621
0.0
0.0
77.0464578744473
-18.18225976040822
-77.4846453116697
22.27159309575463
-77.92164075888834
7.944916372457006
78.68380779597457
0.0
0.0
77.05371029986743
-18.19077480808632
-77.4951904141993
22.28351888751925
-77.93337242639102
7.950825688355237
78.69913134128167
0.0
0.0
77.06111599740605
-18.19839759407944
-77.50581637526173
22.294555657073985
-77.94514397580267
7.956240513899587
78.71436742323831
0.0
0.0
77.06867462451744
-18.20513379309351
-77.51652307874193
22.304709759731196
-77.9569555086967
7.961164655605755
78.72951651290934
0.0
0.0
77.07638580980812
-18.210988877108154
-77.52731039201495
22.31398745951161
-77.96880711250603
7.9656019302438015
78.74457909837831
0.0
0.0
77.08424915408169
-18.21596812916765
-77.53817816611286
22.322394934290383
-77.98069886091511
7.96955616211011
78.75955568419143
0.0
0.0
77.0922642311516
-18.220076656875943
-77.54912623636937
22.329938279529205
-77.99263081406795
7.973031180474659
78.77444679085143
0.0
0.0
77.1004305888439
-18.223319405036165
-77.5601544226507
22.336623512532142
-78.00460301897455
7.976030817089951
78.78925295421753
0.0
0.0
77.1087477498655
-18.22570116781719
-77.57126252985252
22.342456575846594
-78.0166155096768
7.978558903775246
78.8039747250924
0.0
0.0
77.11721521266702
-18.22722659990888
-77.5824503482757
22.347443341582544
-78.02866830769959
7.980619270130143
78.81861266856558
0.0
0.0
77.12583245232607
-18.22790022785176
-77.59371765407063
22.35158961363066
-78.04076142221001
7.982215741341094
78.83316736361539
0.0
0.0
77.13459892138233
-18.22772645972144
-77.60506420959035
22.354901132119853
-78.05289485046517
7.983352136042353
78.84763940247717
0.0
0.0
77.14351405065129
-18.226709595695745
-77.61648976385807
22.357383574558487
-78.06506857800197
7.984032264422384
78.86202939023273
0.0
0.0
77.1525772500515
-18.224853836128098
-77.62799405289316
22.35904256087729
-78.07728257906794
7.984259926125609
78.87633794420104
0.0
0.0
77.16178790933513
-18.222163291345964
-77.63957680025939
22.35988365365596
-78.08953681682341
7.984038908628337
78.89056569349682
0.0
0.0
77.17114539894236
-18.218641988886276
-77.65123771726353
22.359912362400756
-78.1018312437927
7.983372985377178
78.90471327846039
0.0
0.0
77.18064907064537
-18.214293881781153
-77.66297650357592
22.359134144564216
-78.11416580200226
7.9822659142444365
78.91878135026619
0.0
0.0
77.19029825840543
-18.20912285551934
-77.67479284737722
22.35755440799863
-78.12654042346824
7.980721435912883
78.93277057034189
0.0
0.0
77.20009227891275
-18.203132734487802
-77.68668642602259
22.355178513646088
-78.138955030394
7.978743272412964
78.94668160992265
0.0
0.0
77.21003043246897
-18.19632728912228
-77.69865690617013
22.35201177547257
-78.15140953553095
7.976335125862507
78.96051514959245
0.0
0.0
77.22011200348747
-18.188710240639153
-77.71070394435272
22.348059464694305
-78.163903842499
7.973500676992116
78.9742718787658
0.0
0.0
77.23033626129738
-18.180285267756513
-77.72282718722941
22.343326808540375
-78.17643784598565
7.970243584115019
78.98795249536367
0.0
0.0
77.24070246065324
-18.171056010645778
-77.73502627200675
22.337818994308517
-78.18901143227752
7.9665674818571794
79.00155770514763
0.0
0.0
77.25120984243283
-18.16102607662472
-77.74730082684135
22.331541168518022
-78.2016244792418
7.9624759801769125
79.01508822155841
0.0
0.0
77.26185763424525
-18.15019904385183
-77.75965047104957
22.324498439611602
-78.21427685692052
7.957972663346609
79.02854476504551
0.0
0.0
77.27264505092508
-18.13857846575619
-77.77207481567166
22.316695878270014
-78.22696842763055
7.9530610890658835
79.0419280628135
0.0
0.0
77.28357129520923
-18.12616787472564
-77.78457346362715
22.30813851847777
-78.23969904635194
7.94774478763232
79.05523884830473
0.0
0.0
77.29463555822826
-18.11297078521901
-77.79714601013121
22.29883135910745
-78.25246856090679
7.942027261106842
79.06847786093465
0.0
0.0
77.30583702000776
-18.09899069745338
-77.80979204307975
22.288779363567354
-78.26527681238154
7.935911982719687
79.08164584555183
0.0
0.0
77.31717485010836
-18.0842310995717
-77.82251114317985
22.277987461980693
-78.27812363523883
7.929402396077695
79.09474355222153
0.0
0.0
77.32864820792093
-18.068695470805068
-77.83530288456986
22.2664605507675
-78.29100885771635
7.922501914717501
79.10777173572586
0.0
0.0
77.34025624339631
-18.052387283621524
-77.84816683476929
22.254203493480702
-78.30393230199633
7.915213921544984
79.12073115531942
0.0
0.0
77.35199809727266
-18.035310005533084
-77.86110255532441
22.241221122123164
-78.31689378452211
7.907541768286471
79.13362257431433
0.0
0.0
77.36387290174588
-18.01746710152938
-77.87410960177387
22.227518236473475
-78.32989311619255
7.8994887751986935
79.14644675981766
0.0
0.0
77.37587978068007
-17.99886203513438
-77.88718752428714
22.213099605691067
-78.34293010268978
7.89105823062861
79.15920448229777
0.0
0.0
77.38801785030236
-17.97949827047
-77.90033586753857
22.197969967530693
-78.35600454457123
7.882253390714679
79.17189651547233
0.0
0.0
77.4002862193047
-17.95937927293265
-77.9135541713878
22.18213402998452
-78.36911623770446
7.873077479146912
79.18452363575649
0.0
0.0
77.41268398953288
-17.938508510965363
-77.92684197079144
22.165596470036366
-78.38226497326019
7.8635336869553045
79.19708662223884
0.0
0.0
77.42521025611892
-17.916889456036056
-77.9401987962889
22.148361936132968
-78.39545053819148
7.853625172232761
79.20958625615376
0.0
0.0
77.43786410801782
-17.894525584652257
-77.95362417418143
22.1304350455882
-78.40867271513632
7.8433550601719455
79.22202332086005
0.0
0.0
77.45064462830135
-17.871420377828564
-77.96711762666061
22.11182038738449
-78.42193128297723
7.832726442833401
79.23439860134435
0.0
0.0
77.46355089443918
-17.84757732238164
-77.9806786722903
22.092522520595136
-78.43522601671512
7.821742379151458
79.24671288417923
0.0
0.0
77.47658197875649
-17.82299991076749
-77.99430682594014
22.072545975636004
-78.44855668792695
7.810405894886545
79.25896695712842
0.0
0.0
77.48973694862948
-17.797691641794614
-78.00800159924559
22.05189525345886
-78.46192306472945
7.798719982671565
79.271161609058
0.0
0.0
77.50301486689041
-17.77165602034743
-78.0217625005988
22.03057482641836
-78.47532491214616
7.786687601979972
79.28329762962792
0.0
0.0
77.51641479197056
-17.744896557791193
-78.0355890356441
22.008589137675862
-78.48876199220737
7.774311679326029
79.29537580905283
0.0
0.0
77.52993577840465
-17.71741677151507
-78.0494807070991
21.98594260211657
-78.50223406409724
7.76159510822203
79.3073969380276
0.0
0.0
77.54357687686938
-17.68922018525283
-78.06343701530658
21.96263960529044
-78.51574088435018
7.748540749427101
79.31936180742566
0.0
0.0
77.55733713462136
-17.66031032853403
-78.07745745814628
21.93868450434335
-78.52928220702427
7.7351514310225875
79.33127120817127
0.0
0.0
77.57121559565475
-17.630690736596428
-78.09154153135606
21.914081627339336
-78.54285778381383
7.721429948647389
79.34312593105093
0.0
0.0
77.58521130093135
-17.600364949686085
-78.10568872867931
21.888835274362222
-78.55646736426364
7.707379065605581
79.35492676652665
0.0
0.0
77.59932328870264
-17.569336513279076
-78.119898541972
21.862949715777717
-78.57011069579646
7.693001513212243
79.366674504646
0.0
0.0
77.61355059461566
-17.53760897692333
-78.1341704614243
21.836429194016965
-78.58378752403652
7.678299990924399
79.37836993476363
0.0
0.0
77.62789225202282
-17.505185894310483
-78.1485039756777
21.809277922169716
-78.59749759268384
7.6632771666579504
79.39001384560575
0.0
0.0
77.64234729212033
-17.472070822154592
-78.16289857194985
21.78150008515869
-78.61124064394807
7.647935676989222
79.40160702486551
0.0
0.0
77.65691474416914
-17.438267320211196
-78.17735373624973
21.753099838543832
-78.62501641833944
7.632278127532216
79.41315025937287
0.0
0.0
77.67159363569262
-17.403778950348176
-78.19186895340387
21.724081309021816
-78.63882465513676
7.6163070932104056
79.42464433466293
0.0
0.0
77.68638299262112
-17.368609275533167
-78.20644370728832
21.69444859527956
-78.65266509217147
7.6000251184664736
79.43609003515144
0.0
0.0
77.7012818395312
-17.33276186005392
-78.22107748084093
21.664205765974785
-78.6665374661329
7.5834347177485295
79.44748814384208
0.0
0.0
77.71628919970334
-17.296240267961984
-78.23576975629793
21.633356861673043
-78.68044151265683
7.566538375733366
79.45883944226168
0.0
0.0
77.73140409537706
-17.259048062809136
-78.25052001523272
21.60190589380444
-78.69437696635686
7.549338547689531
79.4701447103841
0.0
0.0
77.74662554789043
-17.221188806929845
-78.2653277386199
21.56985684464158
-78.70834356092115
7.531837659851321
79.48140472658656
0.0
0.0
77.76195257774825
-17.182666060488682
-78.28019240706129
21.537213667780804
-78.72234102929218
7.5140381097594044
79.4926202674479
0.0
0.0
77.77738420483507
-17.143483380909952
-78.2951135008022
21.50398028785953
-78.73636910364905
7.495942266602128
79.50379210776134
0.0
0.0
77.792919448556
-17.103644322214635
-78.31009049977114
21.470160600225334
-78.75042751554601
7.4775524716526895
79.51492102045063
0.0
0.0
77.80855732787042
-17.063152434030254
-78.32512288383873
21.43575847165978
-78.76451599597597
7.458871038550278
79.52600777645578
0.0
0.0
77.8242968615326
-17.022011261142552
-78.34021013269864
21.40077773965934
-78.77863427545178
7.4399002537662255
79.53705314469838
0.0
0.0
77.84013706811778
-16.98022434254947
-78.35535172610491
21.365222212908794
-78.79278208405532
7.420642376905727
79.54805789203621
0.0
0.0
77.8560769661494
-16.937795210752512
-78.37054714389286
21.32909567142252
-78.80695915156463
7.4010996411572325
79.5590227831452
0.0
0.0
