0.0
4.996558723388672e-14
2.2207236050090108e-14
9.592371341682337e-12
4.856878787170451e-14
3.1536656961565052e-24
-4.4408920985006156e-13
0.0
0.0
-0.22034542384052389
-6.184462822525054
-0.25168770654699957
-6.716450075920616
0.5114421447977556
0.3545307263943682
-0.25950806714477903
0.0
0.0
-0.4795652316732569
-9.800621206067087
-0.44189732332790793
-8.303443442245564
0.6351516837532452
-0.2750225327350783
-0.14298638163198485
0.0
0.0
-0.7115958869570835
-12.725281674026979
-0.5912284145159545
-8.851175763006138
0.6525817451510658
-0.9340212617820277
-0.2131753242843427
0.0
0.0
-0.925400415748822
-15.303709106954617
-0.7142012429381761
-9.066490186111148
0.6366944878350828
-1.4923602819600865
-0.20830822242463826
0.0
0.0
-1.1117722772336547
-17.63191713944163
-0.8086806749737624
-9.104433735731726
0.6076985149097711
-1.9420330466978206
-0.230508303161445
0.0
0.0
-1.274673681024012
-19.749579368270215
-0.877971970553894
-9.00866460598549
0.575483562334614
-2.298644231883548
-0.23774006477223217
0.0
0.0
-1.4154440340470529
-21.685881756977654
-0.923812991703112
-8.806073835249068
0.5440592004016424
-2.5767018620503666
-0.2476354456550186
0.0
0.0
-1.5376979317735344
-23.46356085981395
-0.9490000565388962
-8.516076353214867
0.5155396529285906
-2.789391441439947
-0.25351224640479564
0.0
0.0
-1.6444703685223805
-25.102024709711365
-0.9559412306526407
-8.155394942066707
0.49066848122106577
-2.9475594177271063
-0.25859113326191885
0.0
0.0
-1.7389193321018737
-26.617593776439286
-0.947008528300558
-7.737984589652752
0.4696391382041786
-3.0604170657467065
-0.2619852873651196
0.0
0.0
-1.8237991211613993
-28.02421806115552
-0.9242687071678265
-7.2757580039764616
0.45230604154022575
-3.1356686808764125
-0.2644278310911211
0.0
0.0
-1.9015674738990545
-29.3337764060468
-0.8895418267512442
-6.778747880704654
0.4383953506274357
-3.179818719900161
-0.26593410788856436
0.0
0.0
-1.974309303125519
-30.556429254556708
-0.8443691205652711
-6.25542195036251
0.42757786723080826
-3.1983390429615577
-0.2667625136512449
0.0
0.0
-2.0437783062735213
-31.700866927723325
-0.7900426288983844
-5.712885099852123
0.41952142063388215
-3.195840367066964
-0.2670272988705597
0.0
0.0
-2.11141349789098
-32.77453657067045
-0.727622609281445
-5.1570852485782535
0.41390936905712555
-3.1762003711908005
-0.26686230705331904
0.0
0.0
-2.1783773635942993
-33.78382586410807
-0.6579660536958067
-4.592979156392003
0.41045013219818083
-3.1426770054021262
-0.26635930221604776
0.0
0.0
-2.2455894971638237
-34.734221738866175
-0.5817525605379931
-4.024680520443709
0.408878663591306
-3.098001568599169
-0.2655980116985135
0.0
0.0
-2.313762267249981
-35.63044374932544
-0.49951071442925976
-3.455585098581408
0.40895554685755203
-3.044458608576966
-0.2646382719047032
0.0
0.0
-2.383433437695725
-36.476558022806365
-0.4116422500182121
-2.8884788767120284
0.41046469854563855
-2.983953370855059
-0.26352719394359275
0.0
0.0
-2.454996497370621
-37.27607404600318
-0.31844433822051965
-2.325630248147483
0.4132109557895903
-2.9180693930337527
-0.26229974946453016
0.0
0.0
-2.5287277324432536
-38.032027248236716
-0.22012948487472492
-1.7688689305633587
0.41701783660532127
-2.8481174989595583
-0.2609816091818331
0.0
0.0
-2.6048101912217247
-38.7470494013617
-0.11684313515823942
-1.2196532427257039
0.42172567711521297
-2.775177594179751
-0.2595906570861635
0.0
0.0
-2.6833544899323813
-39.42342872262387
-0.00867898877127973
-0.6791274852609411
0.4271901389679172
-2.7001342808696225
-0.2581386684099544
0.0
0.0
-2.7644166482638997
-40.06316119111281
0.10430783396226273
-0.14817080707816963
0.4332810453759831
-2.6237072165074005
-0.25663257676170514
0.0
0.0
-2.848013139746835
-40.667994386335764
0.22208963175330787
0.372561195140403
0.4398814707812399
-2.5464769741079527
-0.255075596478939
0.0
0.0
-2.9341333981956024
-41.23946494322655
0.34465679224975776
0.8826010864540071
0.44688701179812285
-2.4689070603950753
-0.2534681235538895
0.0
0.0
-3.022750025810294
-41.77893055618754
0.4720101140833257
1.381639494732941
0.4542051737523013
-2.3913626487246398
-0.251808476826253
0.0
0.0
-3.113826956135173
-42.28759732004956
0.6041545999022816
1.8694995192149635
0.4617548201739733
-2.3141265051076507
-0.25009348352957284
0.0
0.0
-3.2073258192370124
-42.76654307852802
0.7410945439937803
2.346114972724452
0.4694656449484282
-2.2374125164365926
-0.24831893499190288
0.0
0.0
-3.3032107474738477
-43.2167373499957
0.8828297453825896
2.811511879246623
0.47727763944277635
-2.1613771717963504
-0.24647992782490025
0.0
0.0
-3.4014518468330404
-43.63905831380524
1.02935268704089
3.2657927359800376
0.48514053654792144
-2.08612929793956
-0.2445711082331119
0.0
0.0
-3.50202754337155
-44.03430727106562
1.1806465330142202
3.7091231188862137
0.493013222621601
-2.0117383068092076
-0.24258683439508405
0.0
0.0
-3.6049259970974883
-44.40322093170367
1.336683807362581
4.141720271924914
0.5008631146041295
-1.938241176150326
-0.24052127107976945
0.0
0.0
-3.7101457577336334
-44.74648182885307
1.4974256313744292
4.563843378046602
0.5086655045502992
-1.8656483526210204
-0.23836842905257347
0.0
0.0
-3.8176958183621745
-45.064727119347744
1.6628214083423887
4.975785250742171
0.5164028774697481
-1.7939487394507498
-0.23612216075816075
0.0
0.0
-3.9275952049538
-45.35855599138318
1.8328088574954717
5.3778652285511255
0.5240642104062639
-1.7231139071702901
-0.23377612239605786
0.0
0.0
-4.039872221745894
-45.628535870818155
2.0073143112920726
5.770423087067577
0.5316442622271194
-1.6531016457123997
-0.23132371136231072
0.0
0.0
-4.154563455368795
-45.87520759072133
2.1862532018847336
6.153813812021621
0.5391428636614111
-1.5838589589351852
-0.22875798672145328
0.0
0.0
-4.006337974313938
-41.42950703091339
2.6643648591126197
7.172530695690861
0.08533206048944522
-1.3274952338222612
-0.0061482294091963815
0.0
0.0
-3.839700573220142
-37.79482766702035
3.121592288082165
6.841823346519212
-0.14351777664091311
-0.9067726414809224
-0.07162963253784428
0.0
0.0
-3.716159771038738
-34.459577319645035
3.5388584862682126
6.225281881915212
-0.27514401230326807
-0.5606713792347922
-0.00347638102764013
0.0
0.0
-3.628979487573202
-31.33563903163304
3.9226205924088426
5.470988255211261
-0.34999173286820756
-0.2895460118586533
0.011335768443371353
0.0
0.0
-3.5842210826109375
-28.38043479840618
4.270441663954289
4.640470278303324
-0.3916197028708189
-0.08918909634205867
0.040701087432323056
0.0
0.0
-3.575614709490683
-25.57576261192309
4.586698350451153
3.750009358654658
-0.41157272785127247
0.05533431130041695
0.05859744088601473
0.0
0.0
-3.5982643025430607
-22.90523303776953
4.87501364313697
2.8176757938715533
-0.41757142680402126
0.15361862535497503
0.07558258186735119
0.0
0.0
-3.6456691412312727
-20.356794124072763
5.139865758541683
1.8554632126748503
-0.41421958178980767
0.2148106389895023
0.08848880858152562
0.0
0.0
-3.7121461107281273
-17.91988443447777
5.38515106761142
0.8744918722553354
-0.40474104631719615
0.245956018237744
0.0992960856341846
0.0
0.0
-3.792549751154269
-15.585713614167073
5.6143069534907
-0.11641088356074006
-0.39134013521796873
0.2530649482513444
0.10798436133845804
0.0
0.0
-3.8826431900288307
-13.346652194920278
5.830087002526467
-1.1097733157558503
-0.3756369687653947
0.24104023514912526
0.115182231935437
0.0
0.0
-3.9790017810881397
-11.196122637535018
6.034620056978136
-2.0995124106943917
-0.35881597595321657
0.21397020857084217
0.12118055746136458
0.0
0.0
-4.0789703480600705
-9.128391119650225
6.229448896686526
-3.080626077504811
-0.34175297582365866
0.17522630673869136
0.12629990195256507
0.0
0.0
-4.180540167058481
-7.138456735886926
6.415621371883327
-4.049049523302847
-0.32508029885813305
0.12759570666891457
0.13076544398659484
0.0
0.0
-4.282233783823233
-5.221943444152452
6.593779733323249
-5.001484283293668
-0.30923961609004164
0.07337149927072362
0.13476375159696496
0.0
0.0
-4.382988096096896
-3.3750176831691223
6.764251407112837
-5.93527117977126
-0.29452038541529435
0.014435993306926818
0.13843435996593179
0.0
0.0
-4.48205224104163
-1.5943150472087133
6.9271299416829715
-6.84827789794607
-0.28109287814862705
-0.047671895513675254
0.14188426795172562
0.0
0.0
-4.578900684919019
0.12312288734678761
7.082344894219993
-7.738808610993359
-0.26903599361064834
-0.11169879967957015
0.14519315566609453
0.0
0.0
-4.673163486244876
1.7799050715679214
7.229718952154262
-8.60552917928014
-0.2583612006265669
-0.17662861840226798
0.14842043759299967
0.0
0.0
-4.764572430340902
3.3783414002805485
7.369012872399323
-9.447406585005403
-0.2490326253618489
-0.24164190184113668
0.15161014071988424
0.0
0.0
-4.8529213223890535
4.920487903718941
7.4999593150157695
-10.263659651945806
-0.2409835271370372
-0.30608197339221466
0.15479506104395183
0.0
0.0
-4.938038084371689
6.408187043713947
7.622287197449028
-11.053719052753456
-0.2341293424305352
-0.36942671731411403
0.15799984114324103
0.0
0.0
-5.019766286677094
7.843103418932461
7.735738299709172
-11.81719469250953
-0.22837761352926045
-0.4312651775400963
0.16124328346584932
0.0
0.0
-5.0979538679855665
9.226755108562967
7.840077818220485
-12.55384896129756
-0.22363518479205105
-0.4912781859722192
0.1645399996427479
0.0
0.0
-5.172447085415533
10.560540904742181
7.935100393018779
-13.263574608581772
-0.21981310163435208
-0.5492223524649268
0.16790156171350454
0.0
0.0
-5.243088073629108
11.845763704920554
8.020632903495548
-13.946376266088494
-0.21682965584999445
-0.6049168384660668
0.17133727830784096
0.0
0.0
-5.309714738862322
13.083650368346872
8.096535076537942
-14.602354858819501
-0.21461199947486856
-0.6582324257977437
0.17485470551539348
0.0
0.0
-5.372162034724115
14.275368362840076
8.162698708363244
-15.23169432065369
-0.21309670578961182
-0.7090824707489085
0.17845997694502075
0.0
0.0
-5.4302639420007655
15.422039540538803
8.219046086261026
-15.834650172844478
-0.212229599180921
-0.7574154037395083
0.1821580169293502
0.0
0.0
-5.483855697466626
16.52475138110075
8.265528017863998
-16.411539629408384
-0.2119651147956001
-0.803208495968757
0.18595268315718455
0.0
0.0
-5.532775988160951
17.58456602972475
8.302121733743906
-16.9627329712743
-0.2122653893092571
-0.8464626658719451
0.18984686934932055
0.0
0.0
-5.576868950695612
18.60252743781607
8.328828825096167
-17.488645993497325
-0.2130992311682924
-0.8871981410289682
0.19384258822530298
0.0
0.0
-5.615985900499125
19.579666888697528
8.345673303432347
-17.989733366148783
-0.21444107319728506
-0.9254508268474179
0.19794104602007218
0.0
0.0
-5.649986770064017
20.517007162558357
8.352699820240632
-18.466482786482945
-0.21626997453112276
-0.9612692611933534
0.20214271471379142
0.0
0.0
-5.678741266944468
21.4155655656185
8.349972054217101
-18.919409814611214
-0.21856871088166016
-0.9947120575553373
0.2064474042776873
0.0
0.0
-5.70212977904082
22.27635601872316
8.337571256182182
-19.34905330941766
-0.22132297249818128
-1.0258457566392911
0.21085433522713626
0.0
0.0
-5.7200440605192515
23.10039037581878
8.315594934390967
-19.755971385987916
-0.22452067504718945
-1.054743021574591
0.21536221085718454
0.0
0.0
-5.7323877325333275
23.88867911583883
8.284155659816921
-20.140737832178942
-0.2281513802841224
-1.08148112244441
0.21996928785346653
0.0
0.0
-5.739076629690465
24.64223153176495
8.24337997223402
-20.503938926942624
-0.23220581776230229
-1.1061406653590844
0.22467344431348837
0.0
0.0
-5.740039019378649
25.36205552046573
8.19340736979947
-20.846170611123803
-0.2366754968634053
-1.1288045285435895
0.2294722440222129
0.0
0.0
-5.735215716299944
26.049157060913302
8.13438936799368
-21.168035967245903
-0.241552397123885
-1.1495569739280336
0.23436299649663217
0.0
0.0
-5.724560110732725
26.70453945410676
8.066488616272393
-21.470142971266228
-0.2468287253972153
-1.1684829070932183
0.2393428121107238
0.0
0.0
-5.708038125247182
27.329202385799483
7.989878063522954
-21.753102483144957
-0.2524967291359048
-1.1856672634071512
0.24440865235708775
0.0
0.0
-5.685628111659042
27.924140863500387
7.904740165530162
-22.017526447386675
-0.2585485562503761
-1.201194500488725
0.24955737494177643
0.0
0.0
-5.657320698049449
28.4903440695198
7.811266128871884
-22.26402627952048
-0.26497615324384155
-1.215148180897253
0.2547857740894881
0.0
0.0
-5.623118593056911
29.028794165365323
7.709655187844895
-22.493211417048474
-0.27177119457453897
-1.2276106308105619
0.26009061608478007
0.0
0.0
-5.5830363540778745
29.54046507609833
7.600113911060171
-22.70568801529229
-0.2789250371669705
-1.2386626629535675
0.26546867037673616
0.0
0.0
-5.537100124414233
30.026321277663914
7.482855535650715
-22.902057774776768
-0.2864286951166854
-1.2483833532904725
0.2709167365894454
0.0
0.0
-5.48534734352054
30.487316606665313
7.358099327535837
-23.082916883403975
-0.2942728304211217
-1.256849863262688
0.27643166776170947
0.0
0.0
-5.427826434257995
30.92439310691606
7.226069966295876
-23.248855064058926
-0.3024477562468942
-1.264137299877608
0.2820103899910794
0.0
0.0
-5.364596470100883
31.338479925180593
7.086996953789617
-23.400454716279796
-0.3109434499498174
-1.2703186077607098
0.2876499190983728
0.0
0.0
-5.2957268252293055
31.7304922647592
6.941114045559884
-23.53829014320103
-0.31974957340580684
-1.2754644876927117
0.2933473742138227
0.0
0.0
-5.221296809732679
32.101330403887935
6.788658704607064
-23.66292685708266
-0.3288554988782705
-1.279643337451082
0.29909998902901924
0.0
0.0
-5.14139529245573
32.451878783864345
6.629871576523779
-23.77492095576895
-0.33825033869868226
-1.282921211075366
0.3049051204447994
0.0
0.0
-5.056120313030967
32.78300517003367
6.464995985982294
-23.874818564639043
-0.347922977593948
-1.2853617936618733
0.3107602553971038
0.0
0.0
-4.9655786853335115
33.0955598874148
6.2942774536102775
-23.96315533991426
-0.35786210657427076
-1.2870263888548643
0.31666301566944494
0.0
0.0
-4.869885593731892
33.390375132078354
6.117963233057963
-24.040456027190107
-0.3680562575074926
-1.287973917119215
0.3226111610371706
0.0
0.0
-4.769164183787604
33.6682643576166
5.93630186770979
-24.107234073205166
-0.3784938378014114
-1.2882609228591677
0.3286025910509609
0.0
0.0
-4.66354514877955
33.93002173627474
5.7495427666147805
-24.163991285849093
-0.3891631645579939
-1.287941588928226
0.3346353453351494
0.0
0.0
-4.553166313440937
34.17642169274037
5.557935799063246
-24.21121754015416
-0.4000524978066714
-1.287067757324441
0.34070760289473434
0.0
0.0
-4.438172215964429
34.408218508974336
5.361730907611558
-24.249390526971425
-0.4111500725592706
-1.2856889550736696
0.34681768018871006
0.0
0.0
-4.31871368961452
34.626145997411776
5.161177738785901
-24.27897554226714
-0.4224441293320896
-1.2838524243587899
0.3529640285420292
0.0
0.0
-4.194947444874564
34.83091723965647
4.956525291211955
-24.300425314409434
-0.43392294301829354
-1.2816031563750312
0.35914523046822916
0.0
0.0
-4.0670356530581415
35.02322438837094
4.748021580751424
-24.314179866736378
-0.4455748500312144
-1.2789839282399655
0.36535999558126675
0.0
0.0
-3.935145532517136
35.20373852831721
4.53591332191694
-24.32066641440295
-0.4573882734976611
-1.2760353424970292
0.37160715565176566
0.0
0.0
-3.7994489379882057
35.37310959428479
4.320445625471889
-24.32029929315994
-0.46935174660494045
-1.272795868807173
0.3778856593465579
0.0
0.0
-3.6601219541143073
35.53196634196435
4.101861711461048
-24.313479917545635
-0.4814539340647722
-1.2693018876952986
0.3841945663945912
0.0
0.0
-3.5173444937093072
35.68091636880775
3.880402637376328
-24.30059676811244
-0.4936836516085444
-1.2655877357671665
0.39053304142031386
0.0
0.0
-3.3712999014687957
35.820546181547115
3.6563070410363085
-24.28202540453902
-0.5060298836873373
-1.2616857525293157
0.3969003474946815
0.0
0.0
-3.2221745637987906
35.95142130711175
3.4298108975284385
-24.258128504837085
-0.5184817993422788
-1.257626328321344
0.4032958394381139
0.0
0.0
-3.0701575251575086
36.07408644382246
3.2011472901297893
-24.229255927084672
-0.5310287663432781
-1.2534379533945583
0.40971895687524895
0.0
0.0
-2.915440111645195
36.18906564973076
2.970546194418827
-24.1957447937964
-0.5436603636370911
-1.2491472679625881
0.41616921727017003
0.0
0.0
-2.7582155620907463
36.296862564914676
2.7382342753694724
-24.15791959716021
-0.5563663922696178
-1.2447791129993604
0.42264620876223946
0.0
0.0
-2.5986786671454523
36.39796066549427
2.5044346970695557
-24.116092322991456
-0.569136884742005
-1.2403565818147013
0.4291495830654338
0.0
0.0
-2.437025416840453
36.49282354555775
2.2693669443650846
-24.070562592915874
-0.581962113056288
-1.235901072227597
0.4356790482830657
0.0
0.0
-2.273452656721515
36.581895225161226
2.0332466564437666
-24.02161782333029
-0.5948325953138356
-1.231432339196228
0.4422343618109025
0.0
0.0
-2.1081577531061257
36.665600481539926
1.796285471624468
-23.96953339958898
-0.6077391012534417
-1.2269685479488388
0.4488153233569572
0.0
0.0
-1.941338267544317
36.74434520092861
1.5586908831761928
-23.91457286426996
-0.6206726565239776
-1.2225263273650468
0.4554217680013757
0.0
0.0
-1.7731916407755717
36.81851674910483
1.32066610577663
-23.85698811864108
-0.6336245460338824
-1.2181208236510526
0.46205355947148913
0.0
0.0
-1.603914886398186
36.88848435782945
1.0824099521632582
-23.797019635534884
-0.6465863162346468
-1.2137657541944784
0.4687105835400362
0.0
0.0
-1.4337042943506886
36.954599525859884
0.8441167197505305
-23.73489668345414
-0.6595497766681128
-1.209473461409263
0.47539274168429596
0.0
0.0
-1.2627551443888296
37.017196431904466
0.6059760868384306
-23.67083755974575
-0.6725070006290926
-1.2052549666670975
0.48209994493920966
0.0
0.0
-1.0912614296510394
37.07659235812672
0.36817301799418917
-23.605049832940605
-0.685450325186534
-1.2011200240497368
0.4888321079998349
0.0
0.0
-0.9194155903540938
37.13308812227824
0.13088767849764021
-23.53773059163978
-0.6983723505222968
-1.1970771740787312
0.4955891436072432
0.0
0.0
-0.7474082577770038
37.1869685168237
-0.1057046427179254
-23.469066701538203
-0.7112659388083165
-1.193133796961597
0.5023709572659617
0.0
0.0
-0.575428008401735
37.23850275371153
-0.34143360166944003
-23.399235066601744
-0.7241242124816646
-1.1892961657886076
0.5091774421606741
0.0
0.0
-0.40366112841042057
37.28794491324143
-0.5761338599732063
-23.32840289568684
-0.7369405521305281
-1.185569499147387
0.5160084745044615
0.0
0.0
-0.23229138837073027
37.33553439564852
-0.8096451376971543
-23.256727973582286
-0.7497085940690277
-1.1819580132339473
0.5228639091797324
0.0
0.0
-0.06149982819563635
37.38149637455853
-1.041812258726982
-23.18435893384504
-0.7624222274972019
-1.1784649736304076
0.5297435756534041
0.0
0.0
0.10853544774736912
37.42604225059718
-1.2724851889262723
-23.111435535334095
-0.7750755914600254
-1.175092746229752
0.5366472743727989
0.0
0.0
0.2776394653797738
37.46937010477775
-1.501519067333797
-23.03808893947996
-0.7876630715554178
-1.171842847596519
0.5435747733651519
0.0
0.0
0.4456405656176735
37.51166515005967
-1.728774230649222
-22.964441988955837
-0.8001792964641834
-1.1687159945919623
0.5505258053228518
0.0
0.0
0.6123705791146381
37.55310018088688
-1.954116231266235
-22.89060948595298
-0.8126191343449067
-1.1657121531516268
0.557500064923091
0.0
0.0
0.7776649911244036
37.59383601917632
-2.1774158490991593
-22.8166984708674
-0.8249776891219917
-1.1628305861657364
0.5644972066372097
0.0
0.0
0.9413630966754409
37.634021956598595
-2.3985490973830474
-22.742808499299418
-0.8372502966755028
-1.1600699005646795
0.5715168427213544
0.0
0.0
1.1033081460757381
37.673796192152004
-2.6173972227486706
-22.6690319181375
-0.8494325209832408
-1.1574280933023329
0.5785585417475946
0.0
0.0
1.2633474809229879
37.71328626465789
-2.8338466997872587
-22.59545413914525
-0.8615201502766243
-1.1549025963673107
0.5856218272924301
0.0
0.0
1.421332660837877
37.75260947928816
-3.0477892201932884
-22.52215391004049
-0.8735091931269554
-1.1524903208493302
0.5927061771129843
0.0
0.0
1.5771195809146987
37.79187332803631
-3.259121676949079
-22.449203583232592
-0.8853958745874253
-1.150187699665169
0.5998110225120868
0.0
0.0
1.730568580259055
37.83117590332208
-3.4677461434420724
-22.376669380329016
-0.8971766323702506
-1.1479907294444316
0.6069357481234652
0.0
0.0
1.8815445414956573
37.870606304633036
-3.673569848052247
-22.304611653437014
-0.9088481130303899
-1.1458950110392556
0.6140796919428031
0.0
0.0
2.0299169817710894
37.91024503762601
-3.876505144068001
-22.233085142331348
-0.9204071682375837
-1.1438957888983625
0.62124214564658
0.0
0.0
2.175560135107746
37.95016440540618
-4.076469475403583
-22.162139226986714
-0.931850851095139
-1.1419879893303904
0.62842235520857
0.0
0.0
2.3183530263949756
37.990428891934485
-4.27338533821582
-22.09181817578158
-0.9431764125545086
-1.1401662574114426
0.63561952177291
0.0
0.0
2.458179537437009
38.03109553716237
-4.467180238407301
-22.022161388113553
-0.9543812978738251
-1.1384249926559056
0.6428328027132095
0.0
0.0
2.594928464758829
38.072214303278486
-4.657786645594672
-21.953203632926755
-0.9654631431889483
-1.1367583835707389
0.6500613130401595
0.0
0.0
2.7284935698626716
38.11382843303522
-4.845141943348854
-21.884975280367613
-0.9764197721683184
-1.13516044075982
0.6573041268711727
0.0
0.0
2.8587736218278805
38.155974798628435
-5.029188376028944
-21.817502529406475
-0.987249192733428
-1.1336250288483998
0.6645602791950322
0.0
0.0
2.985672432483254
38.19868424212109
-5.209872992469561
-21.750807628552096
-0.9979495939168908
-1.1321458971480414
0.6718287678089983
0.0
0.0
3.1090988845437684
38.24198190667318
-5.3871475864521905
-21.684909091415953
-1.008519342741538
-1.1307167090081416
0.6791085553013398
0.0
0.0
3.228966952608444
38.285887558745124
-5.560968634382373
-21.619821906192826
-1.0189569812721109
-1.1293310698950567
0.6863985713612216
0.0
0.0
3.3451957175084845
38.330415901369754
-5.731297230090253
-21.555557738527607
-1.029261223685022
-1.127982554264639
0.6936977149884016
0.0
0.0
3.457709373996929
38.375576878172176
-5.898099017129596
-21.492125129412976
-1.0394309534429003
-1.126664731078344
0.7010048570010764
0.0
0.0
3.566437232108427
38.42137596831639
-6.061344118534159
-21.42952968566916
-1.0494652205978252
-1.1253711882048256
0.7083188425020496
0.0
0.0
3.6713137123326876
38.4678144724496
-6.221007064292215
-21.36777426505346
-1.0593632390859755
-1.1240955554616914
0.7156384934369908
0.0
0.0
3.7722783348060407
38.51488978944487
-6.377066716654512
-21.30685915508993
-1.0691243841949623
-1.1228315265415438
0.7229626112595027
0.0
0.0
3.8692757027568097
38.56259568426368
-6.529506193401725
-21.246782244932408
-1.0787481900146179
-1.1215728797141766
0.7302899795155475
0.0
0.0
3.9622554803230168
38.61092254689555
-6.678312789223739
-21.187539192145525
-1.0882343470252416
-1.1203134972494764
0.7376193665674293
0.0
0.0
4.051172365068508
38.65985764209382
-6.823477895316415
-21.129123582394108
-1.0975826997006704
-1.119047383941202
0.7449495282218808
0.0
0.0
4.13598605523841
38.70938535078712
-6.964996917392487
-21.071527083498864
-1.1067932442133877
-1.1177686841188679
0.7522792103837742
0.0
0.0
4.216661212132674
38.75948740241612
-7.102869192086924
-21.01473959321252
-1.115866126126177
-1.1164716979450173
0.7596071516735258
0.0
0.0
4.293167417546876
38.810143098780145
-7.237097902111072
-20.9587493809353
-1.1248016382174042
-1.1151508963289927
0.7669320859873003
0.0
0.0
4.365479126725443
38.861329529413055
-7.3676899900638615
-20.90354322356874
-1.1336002182863751
-1.1138009349107856
0.7742527450186413
0.0
0.0
4.433575616886735
38.91302177854654
-7.494656071049289
-20.84910653554882
-1.1422624469967346
-1.112416666982762
0.7815678607010923
0.0
0.0
4.497440931478981
38.965193123684145
-7.618010344343754
-20.79542349277526
-1.1507890458245458
-1.1109931554591315
0.7888761675487616
0.0
0.0
4.55706382039273
39.01781522627302
-7.737770504133247
-20.742477151262747
-1.1591808749359722
-1.1095256837157674
0.7961764049318272
0.0
0.0
4.612437676379213
39.07085831413339
-7.853957649347478
-20.690249560056298
-1.167438931174127
-1.1080097656751662
0.8034673192734303
0.0
0.0
4.663560467715046
39.12429135628937
-7.966596192855016
-20.63872186834219
-1.1755643460000391
-1.1064411547775597
0.8107476660332358
0.0
0.0
4.7104346674307305
39.17808222964704
-8.07571376998772
-20.587874427760052
-1.1835583835028625
-1.1048158522526128
0.8180162117130574
0.0
0.0
4.753067179072209
39.232197878634004
-8.181341146642604
-20.537686888916877
-1.1914224383958094
-1.103130114322343
0.8252717356380519
0.0
0.0
4.791469259564638
39.286604466898986
-8.283512126746167
-20.488138293406767
-1.199158033989986
-1.1013804587139533
0.832513031621642
0.0
0.0
4.825656438721731
39.34126752216084
-8.382263459692082
-20.439207159971343
-1.2067668202549422
-1.0995636703552896
0.8397389095508163
0.0
0.0
4.855648436309625
39.396152073601336
-8.477634747173449
-20.390871566607778
-1.2142505717750893
-1.0976768061969302
0.8469481967356333
0.0
0.0
4.8814690760945485
39.45122278239313
-8.569668350213986
-20.343109227428357
-1.221611185776622
-1.0957171993664376
0.8541397392241674
0.0
0.0
4.903146197693385
39.506444065598124
-8.658409295762638
-20.295897565487344
-1.2288506801341565
-1.0936824626053903
0.8613124028786229
0.0
0.0
4.920711565855756
39.56178021306968
-8.743905183534656
-20.249213780059346
-1.2359711913191094
-1.0915704909880966
0.8684650743435683
0.0
0.0
4.934200777608185
39.6171954981547
-8.826206092868729
-20.203034910946084
-1.242974972388074
-1.0893794639540813
0.875596661903807
0.0
0.0
4.9436531674218385
39.672654281884924
-8.905364489600657
-20.157337897560097
-1.2498643909478715
-1.0871078467755
0.8827060960896413
0.0
0.0
4.949111710380107
39.72812111108975
-8.981435133310514
-20.112099634489446
-1.2566419270685383
-1.0847543913772473
0.889792330265241
0.0
0.0
4.950622923672637
39.78356081042269
-9.054474984726422
-20.067297023012497
-1.2633101711943693
-1.082318136512499
0.8968543409601002
0.0
0.0
4.948236766380049
39.83893856864859
-9.124543113539406
-20.022907018645853
-1.2698718220401786
-1.0797984075681566
0.9038911281295043
0.0
0.0
4.942006537870616
39.894220018951316
-9.191700606601355
-19.978906675359024
-1.276329684446446
-1.077194815596842
0.9109017152064065
0.0
0.0
4.931988774781476
39.949371314196895
-9.256010476550014
-19.935273186499096
-1.2826866671976014
-1.0745072560493476
0.9178851491363186
0.0
0.0
4.918243146847479
40.00435919636447
-9.317537570962134
-19.89198392121427
-1.2889457808680536
-1.0717359069915684
0.9248405001092863
0.0
0.0
4.90083235157442
40.05915106077806
-9.376348482119367
-19.849016459665776
-1.2951101355122305
-1.0688812266960555
0.9317668612924003
0.0
0.0
4.87982200796823
40.113715015912874
-9.432511457334778
-19.806348622586444
-1.301182938482239
-1.0659439511148168
0.9386633484066753
0.0
0.0
4.855280549508364
40.16801993722887
-9.486096309932272
-19.76395850072678
-1.3071674920964929
-1.0629250906089687
0.9455290991613318
0.0
0.0
4.827279116236906
40.22203551733017
-9.537174331006842
-19.72182447888551
-1.3130671912925564
-1.05982592660485
0.952363272585066
0.0
0.0
4.795891446367175
40.275732310715085
-9.58581820189695
-19.679925259019278
-1.318885521288787
-1.056648007632494
0.9591650482528243
0.0
0.0
4.761193767360502
40.329081774760944
-9.632101907409803
-19.63823987998001
-1.3246260551767004
-1.0533931451963174
0.965933625434908
0.0
0.0
4.723264686618439
40.38205630561355
-9.676100649930914
-19.596747735007337
-1.3302924514559398
-1.0500634092557515
0.9726682220873722
0.0
0.0
4.682185081835351
40.43462927097028
-9.717890764437383
-19.555428587034935
-1.3358884515900962
-1.0466611233706868
0.9793680738350942
0.0
0.0
4.63803799131646
40.48677503784611
-9.757549634261993
-19.51426258151927
-1.3414178774917795
-1.04318885971507
0.9860324328143716
0.0
0.0
4.5909085040081985
40.538468997234865
-9.795155608026073
-19.47323025749621
-1.34688462893453
-1.0396494335846516
0.9926605664626907
0.0
0.0
4.540883649797232
40.58968758471644
-9.830787917257942
-19.43231255647292
-1.3522926810210976
-1.036045897940703
0.9992517562281731
0.0
0.0
4.488052289690375
40.64040829764992
-9.864526595269856
-19.391490829571534
-1.3576460815250435
-1.0323815375034244
1.0058052962727142
0.0
0.0
4.432505006335533
40.69060970886642
-9.896452396889417
-19.35074684287194
-1.3629489482459605
-1.0286598627549237
1.0123204920291893
0.0
0.0
4.37433399487582
40.74027147713047
-9.926646719219724
-19.310062781337894
-1.3682054663197003
-1.0248846037115444
1.018796658791977
0.0
0.0
4.313632953986836
40.78937435455499
-9.955191523642386
-19.26942125084539
-1.3734198854665638
-1.0210597035397586
1.0252331202482772
0.0
0.0
4.250496977598191
40.837900190898225
-9.982169258723843
-19.22880527904853
-1.3785965172808532
-1.0171893119608089
1.0316292069417738
0.0
0.0
4.185022447085848
40.88583193504138
-10.007662784237386
-19.18819831511923
-1.3837397323918346
-1.0132777786064922
1.0379842547848162
0.0
0.0
4.117306923959874
40.93315363368227
-10.031755296537195
-19.147584227678706
-1.3888539576595236
-1.0093296461024708
1.0442976034645477
0.0
0.0
4.047449043496758
40.97985042763913
-10.054530254720131
-19.106947302106718
-1.3939436733258848
-1.0053496431981939
1.0505685949276444
0.0
0.0
3.975548408885566
41.0259085454534
-10.076071308303346
-19.066272236757836
-1.3990134101092553
-1.0013426775891818
1.0567965717558985
0.0
0.0
3.9017054864293894
41.07131529465289
-10.096462225785155
-19.025544137975373
-1.404067746339018
-0.9973138288627829
1.062980875691074
0.0
0.0
3.8260215015032517
41.11605905101879
-10.11578682458089
-18.98474851433449
-1.4091113049646953
-0.9932683412100223
1.0691208459898596
0.0
0.0
3.7485983355411285
41.16012924551957
-10.13412890212808
-18.94387127039897
-1.4141487506452803
-0.989211616090427
1.075215817946033
0.0
0.0
3.669538424116487
41.203516349366794
-10.151572168055466
-18.902898698988103
-1.4191847867314955
-0.985149204900155
1.0812651213203968
0.0
0.0
3.58894465599978
41.24621185724158
-10.168200177814684
-18.861817474232488
-1.4242241522837182
-0.9810868014777199
1.0872680788900029
0.0
0.0
3.5069202734629576
41.28820826854215
-10.184096267341747
-18.820614642054775
-1.429271619042514
-0.9770302347664099
1.0932240049423294
0.0
0.0
3.4235687737857834
41.32949906754836
-10.199343489032506
-18.77927761219204
-1.4343319883944057
-0.9729854611702743
1.0991322038646902
0.0
0.0
3.3389938119469695
41.37007870127029
-10.21402454901185
-18.737794148428364
-1.439410088294412
-0.9689585571330236
1.1049919687158665
0.0
0.0
3.253299104748989
41.40994255669343
-10.228221745546085
-18.696152358956965
-1.44451077024288
-0.9649557115927676
1.1108025799205317
0.0
0.0
3.166588336213921
41.44908693595557
-10.242016908806963
-18.654340686659975
-1.4496389061508281
-0.9609832184268499
1.1165633039142886
0.0
0.0
3.0789650644191227
41.4875090310428
-10.255491341868378
-18.612347898479356
-1.454799385315094
-0.9570474689646686
1.122273391934759
0.0
0.0
2.9905326297983925
41.525206896808925
-10.268725762962896
-18.570163075320448
-1.4599971112267676
-0.9531549443901325
1.127932078754052
0.0
0.0
2.901394064928633
41.562179423200625
-10.281800249018243
-18.52777560153695
-1.4652369985834806
-0.9493122083790724
1.1335385816077121
0.0
0.0
2.8116520058559056
41.59842630673499
-10.294794180481606
-18.485175153970598
-1.4705239701031836
-0.9455258994781902
1.139092099052248
0.0
0.0
2.721408605000011
41.63394802084812
-10.307786187418479
-18.442351691817695
-1.4758629534411583
-0.9418027237741678
1.144591809955559
0.0
0.0
2.6307654456701925
41.66874578566704
-10.320854096872948
-18.399295445546045
-1.4812588780938383
-0.9381494474499255
1.1500368725525785
0.0
0.0
2.539823458222196
41.7028215374217
-10.334074881568215
-18.355996906459715
-1.4867166722851697
-0.9345728894114967
1.155426423520583
0.0
0.0
2.448682837921408
41.736177896536965
-10.34752460982498
-18.31244681644509
-1.4922412598692807
-0.9310799140303374
1.1607595771723669
0.0
0.0
2.357442964467323
41.76881813626667
-10.361278396839843
-18.268636157132796
-1.4978375572744655
-0.9276774238609717
1.1660354246829665
0.0
0.0
2.2662023233283484
41.8007461501331
-10.375410357185094
-18.224556139981807
-1.5035104703546618
-0.9243723524613618
1.171253033404265
0.0
0.0
2.175058428777204
41.83196641937441
-10.389993558670088
-18.180198196576583
-1.5092648913942968
-0.9211716572373978
1.1764114462467026
0.0
0.0
2.084107748757283
41.86248398037712
-10.405099977436501
-18.135553968018392
-1.5151056960371392
-0.9180823124904499
1.1815096811307157
0.0
0.0
1.9934456315712323
41.89230439134042
-10.420800454383237
-18.090615296522195
-1.5210377401939423
-0.9151113022793026
1.1865467304862338
0.0
0.0
1.9031662343666311
41.921433699686574
-10.437164652900785
-18.045374214942374
-1.5270658571148348
-0.9122656136949318
1.1915215608970995
0.0
0.0
1.8133624535556827
41.94987840866592
-10.454261017810321
-17.999822939003618
-1.5331948543236296
-0.9095522298970173
1.1964331127078272
0.0
0.0
1.7241258570370943
41.977645444482064
-10.472156735736478
-17.953953857970824
-1.539429510668555
-0.906978123490694
1.2012802997897842
0.0
0.0
1.6355466183670506
42.00474212348698
-10.49091769665424
-17.907759526608857
-1.54577457337945
-0.9045502498193035
1.2060620093484866
0.0
0.0
1.5477134528160164
42.031176119376035
-10.510608456798943
-17.86123265725611
-1.5522347551246658
-0.902275540468626
1.2107771017858322
0.0
0.0
1.4607135553926978
42.056955430768284
-10.531292202846089
-17.814366112349642
-1.5588147311357619
-0.9001608967628965
1.2154244106516265
0.0
0.0
1.3746325407632598
42.082088348995896
-10.55303071736474
-17.76715289747548
-1.5655191363454402
-0.8982131834570745
1.2200027426558797
0.0
0.0
1.289554385128798
42.106583426415035
-10.575884345635108
-17.71958615393461
-1.5723525625279753
-0.8964392225063974
1.2245108777425073
0.0
0.0
1.205561370152512
42.13044944469268
-10.59991196364869
-17.67165915365358
-1.579319555554039
-0.894845786856674
1.228947569229769
0.0
0.0
1.12273402868904
42.15369538428315
-10.625170947553144
-17.62336529187439
-1.5864246126034411
-0.8934395944597444
1.2333115440295728
0.0
0.0
1.0411510927113945
42.17633039336802
-10.65171714416789
-17.57469808304448
-1.5936721794338093
-0.8922273023476475
1.2376015029125282
0.0
0.0
0.9608894430214096
42.198363758514205
-10.679604843047398
-17.525651154695776
-1.601066647747874
-0.8912155008148062
1.241816120821785
0.0
0.0
0.8820240611044717
42.219804874863236
-10.708886749635159
-17.476218243405565
-1.6086123525157903
-0.8904107076940473
1.2459540472723736
0.0
0.0
0.8046279829047573
42.2406632175756
-10.739613959773061
-17.426393190771392
-1.6163135694143973
-0.8898193628133998
1.250013906811019
0.0
0.0
0.7287722546396639
42.260948313822766
-10.771835935509815
-17.376169939134538
-1.624174512274722
-0.8894478225302802
1.2539942994823103
0.0
0.0
0.6545258905761436
42.28066971516125
-10.805600482195251
-17.32554252874366
-1.6321993305822855
-0.8893023543447287
1.2578938014087293
0.0
0.0
0.5819558328598411
42.2998369710748
-10.840953726821297
-17.27450509477405
-1.6403921070432208
-0.8893891317233368
1.2617109653663112
0.0
0.0
0.5111269133284905
42.31845960297662
-10.877940097654172
-17.223051864891538
-1.6487568551930654
-0.8897142289922674
1.2654443214778763
0.0
0.0
0.4421018173200292
42.33654707920762
-10.916602305178358
-17.171177157207623
-1.6572975170538622
-0.8902836163376742
1.2690923778445753
0.0
0.0
0.3749410494948212
42.35410879042011
-10.95698132426905
-17.11887537869608
-1.6660179608418788
-0.8911031549927629
1.2726536213478328
0.0
0.0
0.30970290165488634
42.371154026354546
-10.9991163776779
-17.06614102419335
-1.6749219787596157
-0.8921785924906092
1.2761265183922212
0.0
0.0
0.24644342254216586
42.38769195318948
-11.043044920760934
-17.012968675477882
-1.684013284820924
-0.8935155580894175
1.2795095157551777
0.0
0.0
0.18521638967316012
42.403731591608796
-11.088802627478408
-16.959353000729912
-1.6932955127323877
-0.8951195583070717
1.2828010414094546
0.0
0.0
0.1260732831032307
42.41928179600575
-11.136423377657136
-16.905288754973313
-1.7027722138679866
-0.8969959725895692
1.2859995054293638
0.0
0.0
0.06906326116678191
42.434351234614525
-11.185939245577757
-16.850770780095395
-1.7124468552702856
-0.8991500490957415
1.2891033009514887
0.0
0.0
0.014233138268201617
42.448948370302155
-11.237380489659257
-16.795794005530205
-1.7223228177279208
-0.9015869006631495
1.2921108050571763
0.0
0.0
-0.03837263547586622
42.46308144244336
-11.29077554360486
-16.74035344988605
-1.732403393930067
-0.9043115008487717
1.2950203798184925
0.0
0.0
-0.08871199255142946
42.47675844979905
-11.346151008600264
-16.684444221674994
-1.7426917866874347
-0.9073286801719082
1.2978303732708594
0.0
0.0
-0.13674526449346647
42.48998713429446
-11.403531646923462
-16.628061521498694
-1.7531911072008666
-0.9106431223981449
1.30053912044509
0.0
0.0
-0.18243519633600702
42.502774965528054
-11.462940376664704
-16.57120064406731
-1.7639043734048623
-0.9142593610328
1.3031449444275967
0.0
0.0
-0.2257469591736458
42.51512912648115
-11.524398267747264
-16.51385698037156
-1.7748345084099184
-0.9181817759918809
1.3056461574321565
0.0
0.0
-0.2666481608177936
42.527056500316625
-11.587924539157806
-16.456026020418992
-1.785984338989448
-0.9224145902696824
1.308041061855781
0.0
0.0
-0.30510885457691644
42.53856365761975
-11.653536557434728
-16.397703356164243
-1.7973565941282263
-0.9269618668729631
1.3103279514111683
0.0
0.0
-0.3411015460678786
42.549656844984305
-11.721249836290115
-16.338884684585892
-1.8089539036870526
-0.9318275058451639
1.3125051122114102
0.0
0.0
-0.3746011982951684
42.56034197460509
-11.791078037530477
-16.27956581097736
-1.8207787971041691
-0.9370152414624096
1.3145708239204275
0.0
0.0
-0.4055852347300159
42.57062461435117
-11.863032973115477
-16.21974265274665
-1.8328337021741672
-0.9425286394634489
1.3165233608193552
0.0
0.0
-0.43403354070050987
42.5805099793737
-11.937124608470022
-16.159411243037415
-1.8451209439497385
-0.9483710946073762
1.3183609930172058
0.0
0.0
-0.45992846282719807
42.59000292419747
-12.013361066916435
-16.09856773452704
-1.8576427436378706
-0.9545458281965975
1.32008198752847
0.0
0.0
-0.48325480674030485
42.59910793571883
-12.091748635331527
-16.037208404046318
-1.8704012176649123
-0.9610558858272217
1.321684609420142
0.0
0.0
-0.5039998329972719
42.6078291275959
-12.17229177098405
-15.975329656213209
-1.8833983767547877
-0.9679041353004935
1.3231671229680284
0.0
0.0
-0.5221532511672498
42.616170234864036
-12.254993109452993
-15.912928028425538
-1.8966361251048651
-0.9750932645964275
1.3245277927784196
0.0
0.0
-0.5377072122779378
42.62413461000958
-12.339853473827384
-15.85000019499644
-1.9101162596741044
-0.9826257800747576
1.325764884920609
0.0
0.0
-0.5506562994266205
42.63172521931721
-12.426871884902571
-15.786542971913326
-1.9238404694852589
-0.990504004796662
1.326876668029138
0.0
0.0
-0.5609975167121276
42.63894464087527
-12.516045572599102
-15.72255332142636
-1.9378103350626303
-0.9987300769464884
1.3278614144571068
0.0
0.0
-0.5687302765353519
42.64579506242951
-12.607369988520116
-15.65802835707505
-1.9520273279637455
-1.0073059484389517
1.3287174013543543
0.0
0.0
-0.5738563851079757
42.65227828089546
-12.700838819484247
-15.592965348109036
-1.9664928103122998
-1.0162333837156574
1.3294429117857405
0.0
0.0
-0.5763800264326313
42.65839570220673
-12.796444002315662
-15.527361724560897
-1.98120803449531
-1.0255139585823394
1.330036235775873
0.0
0.0
-0.5763077445639232
42.6641483420605
-12.894175739591175
-15.46121508225459
-1.9961741429128608
-1.0351490592332753
1.3304956714296712
0.0
0.0
-0.5736484243230243
42.669536827285675
-12.994022516546663
-15.394523187183944
-2.011392167798794
-1.0451398815310835
1.3308195259432363
0.0
0.0
-0.5684132703862156
42.67456139831071
-13.09597111893183
-15.3272839808841
-2.0268630311254143
-1.0554874302386166
1.3310061166518974
0.0
0.0
-0.5606157848391217
42.679221911763456
-13.200006652048799
-15.259495584898643
-2.0425875446275854
-1.0661925185398224
1.3310537720632447
0.0
0.0
-0.5502717431907423
42.683517844522804
-13.306112560678127
-15.191156305701982
-2.0585664098401613
-1.077255767676858
1.3309608328327673
0.0
0.0
-0.5373991688524324
42.68744829738592
-13.414270650089781
-15.122264639417711
-2.074800218300378
-1.0886776067030328
1.330725652754073
0.0
0.0
-0.5220183061660588
42.691012000567625
-13.52446110804422
-15.05281927620935
-2.09128945175043
-1.1004582724076284
1.3303465997011754
0.0
0.0
-0.504151591908701
42.69420731885623
-13.6366625277372
-14.98281910534674
-2.1080344824743684
-1.112597809370203
1.3298220565706278
0.0
0.0
-0.4838236254550855
42.69703225783641
-13.750851931768146
-14.912263219256326
-2.1250355737123536
-1.125096070201486
1.329150422186129
0.0
0.0
-0.46106113741216376
42.69948447057793
-13.867004796963895
-14.841150917818627
-2.1422928801403693
-1.137952715883765
1.3283301121534894
0.0
0.0
-0.4358929569626817
42.70156126471511
-13.985095080236885
-14.769481713151439
-2.15980644840807
-1.1511672162715556
1.3273595597703225
0.0
0.0
-0.4083499777897211
42.70325961040757
-14.105095245219468
-14.697255332934768
-2.1775762178257425
-1.1647388507898238
1.3262372167709469
0.0
0.0
-0.37846512272157085
42.70457614821423
-14.226976289963918
-14.624471725105884
-2.1956020210455183
-1.1786667091244118
1.3249615541913649
0.0
0.0
-0.3462733069961275
42.70550719809775
-14.350707775311818
-14.55113106120297
-2.21388358489926
-1.1929496923296783
1.3235310630973374
0.0
0.0
-0.31181140035547916
42.70604876814009
-14.476257854291873
-14.477233740064388
-2.23242053124872
-1.2075865137568
1.3219442553231704
0.0
0.0
-0.275118187781015
42.70619656441011
-14.603593302209477
-14.402780391566042
-2.251212377954767
-1.2225757003921136
1.3201996641815568
0.0
0.0
-0.23623432909330572
42.705946000491835
-14.732679547662775
-14.327771879671214
-2.2702585399055315
-1.2379155941973
1.3182958451387439
0.0
0.0
-0.19520231733974588
42.70529220797267
-14.863480704261459
-14.252209305465609
-2.2895583301162317
-1.2536043536348451
1.3162313764226878
0.0
0.0
-0.1520664359860918
42.70423004677316
-14.995959603151869
-14.176094010536726
-2.309110960918669
-1.2696399553225515
1.3140048596454743
0.0
0.0
-0.10687271503669528
42.70275411610858
-15.130077826274286
-14.099427578938634
-2.328915545187481
-1.2860201958892588
1.3116149203691534
0.0
0.0
-0.05966888604051861
42.70085876556443
-15.265795740394974
-14.022211840349788
-2.3489710977087226
-1.3027426938217512
1.309060208622582
0.0
0.0
-0.010504335975059254
42.69853810649004
-15.403072531712771
-13.944448872218409
-2.369276536529974
-1.3198048916737126
1.306339399422848
0.0
0.0
0.040569939784376126
42.69578602344488
-15.541866241323822
-13.86614100127777
-2.389830684417367
-1.337204058189525
1.3034511931783843
0.0
0.0
0.09350138564605516
42.69259618609622
-15.682133801171656
-13.787290806332638
-2.4106322704247027
-1.354937290732971
1.3003943161604359
0.0
0.0
0.14823593482000452
42.68896206113281
-15.823831070729806
-13.70790111901257
-2.4316799314567
-1.3730015177463337
1.2971675208587319
0.0
0.0
0.2047180593667284
42.68487692426762
-15.966912874265947
-13.627975025580408
-2.4529722139277865
-1.3913935014094934
1.2937695863062593
0.0
0.0
0.26289082109561657
42.680333872497876
-16.11133303866766
-13.547515867897234
-2.4745075754757706
-1.4101098403885932
1.290199318409659
0.0
0.0
0.32269592335213193
42.67532583635708
-16.257044431884577
-13.466527244475737
-2.4962843867898874
-1.4291469727485158
1.2864555501892834
0.0
0.0
0.38407376366953416
42.66984559236191
-16.403999001781354
-13.385013011043856
-2.5183009333627697
-1.4485011789712383
1.2825371419959162
0.0
0.0
0.4469634871299708
42.663885775288605
-16.552147815689228
-13.302977280790103
-2.540555417493795
-1.468168585114811
1.2784429817022607
0.0
0.0
0.5113030406151078
42.65743889072696
-16.701441100228205
-13.220424424730929
-2.5630459601381004
-1.4881451660990215
1.274171984818042
0.0
0.0
0.5770292277034746
42.65049732739535
-16.85182828176097
-13.137359071668694
-2.5857706029972736
-1.5084267490886087
1.2697230946142437
0.0
0.0
0.6440777642709397
42.643053369826546
-17.00325802715646
-13.053786107384854
-2.608727310528328
-1.5290090170672177
1.2650952821282841
0.0
0.0
0.7123833347889204
42.635099210277446
-17.155678285028568
-12.969710674928198
-2.6319139720672555
-1.5498875124342186
1.26028754622723
0.0
0.0
0.7818796492044053
42.626626961712
-17.30903632731692
-12.885138172665194
-2.6553284039860783
-1.5710576407833647
1.2552989135255508
0.0
0.0
0.85249950041894
42.61762866934206
-17.463278791251984
-12.800074254131816
-2.67896835189246
-1.5925146747907288
1.250128438321261
0.0
0.0
0.9241748223361903
42.60809632337621
-17.618351721571177
-12.714524826107867
-2.7028314928673547
-1.6142537582007546
1.2447752024859038
0.0
0.0
0.9968367483669905
42.598021870681144
-17.77420061314411
-12.628496047416615
-2.7269154377705767
-1.6362699098801465
1.2392383152927877
0.0
0.0
1.0704156704747174
42.58739722686879
-17.930770453772332
-12.541994326727616
-2.751217733536198
-1.6585580280990302
1.2335169131853922
0.0
0.0
1.144841298588131
42.57621428805597
-18.08800576725788
-12.45502632070992
-2.7757358655719417
-1.6811128947696208
1.2276101595481164
0.0
0.0
1.2200427204548572
42.56446494231931
-18.245850656738902
-12.3675989316436
-2.8004672601259797
-1.7039291798532876
1.2215172444008395
0.0
0.0
1.2959484618446746
42.55214108129377
-18.404248848099698
-12.279719304959208
-2.8254092867291822
-1.727001445904584
1.2152373840387096
0.0
0.0
1.3724865470182885
42.539234611398584
-18.56314373367441
-12.191394825961588
-2.850559260653207
-1.750324152609811
1.2087698206616957
0.0
0.0
1.4495845595700632
42.525737464538246
-18.722478415994278
-12.102633117758542
-2.875914445408949
-1.7738916614922973
1.202113821955565
0.0
0.0
1.5271697033899934
42.51164160946028
-18.882195751645153
-12.013442036736055
-2.901472055238907
-1.797698240681653
1.1952686805493096
0.0
0.0
1.605168863925477
42.496939061829146
-19.042238395255055
-11.923829670078174
-2.927229257677054
-1.821738069753926
1.1882337135859569
0.0
0.0
1.6835086695134667
42.48162189477019
-19.202548843479253
-11.833804331389764
-2.9531831760780354
-1.8460052446227555
1.1810082620642148
0.0
0.0
1.7621155529200967
42.465682248973124
-19.36306947899772
-11.74337455731558
-2.9793308922370505
-1.8704937826055783
1.1735916903134718
0.0
0.0
1.8409158128303982
42.44911234245783
-19.523742614602373
-11.652549102624798
-3.005669448930489
-1.8951976274166953
1.165983385254025
0.0
0.0
1.9198356754770338
42.43190448009079
-19.6845105371052
-11.56133693637734
-3.032195852568165
-1.920110654347382
1.1581827557726982
0.0
0.0
1.9988013562306166
42.41405106291768
-19.845315551286365
-11.469747237122046
-3.0589070757761903
-1.9452266754205683
1.1501892319421216
0.0
0.0
2.0777391210867924
42.39554459714698
-20.006100023731385
-11.377789387920554
-3.0858000600458153
-1.9705394446633284
1.142002264228985
0.0
0.0
2.1565753481227277
42.37637770263324
-20.16680642654633
-11.28547297179003
-3.112871718352831
-1.996042663380029
1.133621322702667
0.0
0.0
2.2352365887912495
42.35654312169354
-20.32737738087679
-11.192807765674456
-3.1401189378072005
-2.0217299855247655
1.125045896127157
0.0
0.0
2.313649629014767
42.33603372671162
-20.487755700373835
-11.09980373566522
-3.16753858228433
-2.0475950230606936
1.1162754910775115
0.0
0.0
2.391741550113806
42.31484252824816
-20.647884434300934
-11.006471031189696
-3.195127495072558
-2.073631351397217
1.107309630971395
0.0
0.0
2.4694397893952194
42.29296268240579
-20.80770691057933
-10.91281997892032
-3.2228825014955387
-2.09983251482762
1.0981478550876254
0.0
0.0
2.5466722005038114
42.2703874978574
-20.96716677841358
-10.818861077111531
-3.250800411551744
-2.1261920320455876
1.0887897175200763
0.0
0.0
2.6233671133783814
42.247110442940475
-21.126208050758944
-10.724604989115551
-3.2788780225604115
-2.152703401617058
1.07923478612618
0.0
0.0
2.6994533938149146
42.223125151890116
-21.284775146440367
-10.630062537079764
-3.307112121724619
-2.179360107493399
1.0694826414101755
0.0
0.0
2.7748605026538007
42.19842543125724
-21.442812931849314
-10.535244695364382
-3.3354994887945146
-2.2061556245853016
1.0595328753484152
0.0
0.0
2.849518554380418
42.17300526557419
-21.600266762461697
-10.440162583865082
-3.3640368986217375
-2.233083424252772
1.0493850902704251
0.0
0.0
2.923358375306595
42.14685882312017
-21.757082523743968
-10.344827460932823
-3.392721123743327
-2.2601369798900195
1.0390388975739149
0.0
0.0
2.996311561128382
42.11998046096709
-21.913206671816294
-10.249250716426188
-3.421548936933472
-2.2873097724227764
1.0284939165215046
0.0
0.0
3.0683105338934666
42.092364729998195
-22.068586273560953
-10.153443864346448
-3.4505171137576016
-2.3145952958476506
1.0177497729369076
0.0
0.0
3.139288598315346
42.0640063794306
-22.223169046307653
-10.057418535558407
-3.479622435058027
-2.341987062750369
1.0068060978835682
0.0
0.0
3.2091799973878747
42.03490036118172
-22.37690339701713
-9.961186469852619
-3.5088616894698132
-2.3694786097899554
0.9956625263188895
0.0
0.0
3.277919967277475
42.00504183371135
-22.529738460924772
-9.86475950884503
-3.538231675895778
-2.3970635031533942
0.9843186957608338
0.0
0.0
3.345444791420296
41.974426165813504
-22.681624139634845
-9.768149587379705
-3.5677292058980217
-2.4247353440010384
0.9727742448063865
0.0
0.0
3.411691853824439
41.94304893979981
-22.832511138626906
-9.671368726084525
-3.5973511061565295
-2.452487773853186
0.9610288117893057
0.0
0.0
3.4765996914559074
41.91090595468374
-22.982351004233493
-9.574429022778247
-3.6270942208292674
-2.480314479953547
0.9490820332520725
0.0
0.0
3.5401080457919516
41.87799322885398
-23.131096159838
-9.477342644371792
-3.6569554138965787
-2.508209200564795
0.9369335425415595
0.0
0.0
3.602157913369596
41.84430700256058
-23.27869994158701
-9.380121818215462
-3.686931571460498
-2.5361657302112817
0.9245829682438202
0.0
0.0
3.6626915953781025
41.809843739958936
-23.42511663332689
-9.282778823739495
-3.717019604060379
-2.56417792489382
0.9120299327160138
0.0
0.0
3.721652746215706
41.77460013110409
-23.57030150082104
-9.185325983589143
-3.747216448871449
-2.5922397072197834
0.899274050566502
0.0
0.0
3.7789864209727457
41.73857309362671
-23.71421082531759
-9.087775654620325
-3.7775190719337126
-2.620345071429071
0.8863149270546872
0.0
0.0
3.834639121811092
41.701759773713626
-23.856801936313875
-8.990140219217663
-3.807924470294962
-2.648488088415271
0.8731521565709973
0.0
0.0
3.8885588432053204
41.6641575475139
-23.99803324353608
-8.892432075830126
-3.838429674150852
-2.6766629106090125
0.8597853210647344
0.0
0.0
4.206069766206514
46.29534665802453
-23.84303008276688
-8.150536035782839
-4.330263905740141
-2.5170344233827127
1.0661373387050699
0.0
0.0
4.405908921626322
49.61515744523419
-23.94393875800586
-8.271626951081874
-4.64916797965434
-2.1727697745622017
1.2600826257746236
0.0
0.0
4.536678009074144
52.263253795184795
-24.165602507168053
-8.671038408220946
-4.852194273151198
-1.8789815159565195
1.453281938308537
0.0
0.0
4.615822127851426
54.48289839501891
-24.46754188293207
-9.16134679525179
-4.9699135551805975
-1.6652950028403621
1.6423277894251018
0.0
0.0
4.6535383447681475
56.398623919813915
-24.83158181331685
-9.674392470146222
-5.023802777056892
-1.5211989455329678
1.8239009923016316
0.0
0.0
4.65781979080003
58.08904393257444
-25.24556695464363
-10.18395411050872
-5.030461302281697
-1.4317622854604217
1.9963998063632749
0.0
0.0
4.6354553388617505
59.609135276452925
-25.69971804590493
-10.68069279187138
-5.002953688413306
-1.384348548505945
2.1593836183236235
0.0
0.0
4.592244842190683
60.999008568659576
-26.18576114628481
-11.162534235684383
-4.951520271929269
-1.3691701866113346
2.3129778367753917
0.0
0.0
4.533100973787511
62.28840432600666
-26.696635966775666
-11.630455794096346
-4.884112204634556
-1.3787542153563959
2.457514794675483
0.0
0.0
4.462150341789322
63.49947506524102
-27.22631749571631
-12.086513699208124
-4.806837416296857
-1.4073700622930714
2.593355497811839
0.0
0.0
4.382838834244886
64.648693559837
-27.76966424171428
-12.532915926773525
-4.72433396179877
-1.450586431802904
2.720816176349482
0.0
0.0
4.298032577129939
65.74823269410882
-28.322282641106426
-12.971612561425106
-4.640077969922559
-1.5049482264260583
2.8401486497868222
0.0
0.0
4.210108712713876
66.80699258397266
-28.88040860328508
-13.4041455171902
-4.556633955322215
-1.5677417387012709
2.951545453637325
0.0
0.0
4.121033851636387
67.83137866721525
-29.440806677429453
-13.831625212981697
-4.475855976274046
-1.6368219370733612
3.0551544067904106
0.0
0.0
4.03243028576382
68.82589780333056
-30.00068578964314
-14.254765382146841
-4.399047918199641
-1.7104835926637934
3.151095050855279
0.0
0.0
3.9456311160544906
69.79361824752105
-30.55762963045328
-14.673940567307435
-4.327090380508646
-1.787363897850677
3.239473551038523
0.0
0.0
3.861725827923218
70.73652611652996
-31.109539506394146
-15.08924859278648
-4.260540605840411
-1.8663681432267656
3.320394790264908
0.0
0.0
3.781597869417571
71.65580222381988
-31.65458754675318
-15.500569690227552
-4.199710834509527
-1.9466125663160547
3.3939714370419622
0.0
0.0
3.7059556497962505
72.55203714495487
-32.19117838788201
-15.907618849951236
-4.144729499385586
-2.027380162378978
3.460330239525782
0.0
0.0
3.635358181067923
73.42539810057121
-32.71791773611749
-16.30999044476825
-4.095588837925899
-2.108086379985851
3.519615974693591
0.0
0.0
3.5702363830980315
74.27575811561856
-33.23358648417709
-16.707195358675232
-4.0521817935659215
-2.1882524101700565
3.5719935133672607
0.0
0.0
3.510910888200279
75.10279558014331
-33.73711929990501
-17.098691361700205
-4.014330499183966
-2.26748433886075
3.6176484279816172
0.0
0.0
3.4576070209555896
75.90607056150539
-34.227586815363416
-17.483907635822316
-3.9818081643871444
-2.345456842196924
3.656786511266759
0.0
0.0
3.4104674953443337
76.68508285195907
-34.70418071687807
-17.862264353522317
-3.954355808988027
-2.4219004091268577
3.6896325104762924
0.0
0.0
3.3695632617723494
77.43931567471246
-35.166201177646144
-18.233188130230904
-3.931694981661566
-2.496591306595613
3.7164283218739955
0.0
0.0
3.3349028481035314
78.16826814298375
-35.61304618763658
-18.596124068272932
-3.9135373603852517
-2.5693436786070607
3.7374308383456487
0.0
0.0
3.3064404681420414
78.87147891350249
-36.04420242647802
-18.950545003079753
-3.8995919393423906
-2.6400033061076025
3.752909599298014
0.0
0.0
3.284083114544396
79.54854296468248
-36.45923739643232
-19.295958460343098
-3.889570354385014
-2.708442660000839
3.7631443561872944
0.0
0.0
3.267696808591872
80.19912302242537
-36.85779259021611
-19.63191174907617
-3.8831907787688835
-2.7745569608306115
3.7684226384877806
0.0
0.0
3.25711214408571
80.82295683924859
-37.23957751308137
-19.957995537187024
-3.8801807260321097
-2.8382610226019045
3.769037381965297
0.0
0.0
3.2521292345838444
81.41986127534004
-37.6043644144679
-20.273846197535487
-3.8802790216316425
-2.899486707525403
3.765284663166278
0.0
0.0
3.252522151612023
81.98973393380034
-37.95198361264202
-20.579147158790285
-3.8832371466780287
-2.9581808570711337
3.757461570173413
0.0
0.0
3.2580429240435844
82.53255293979953
-38.28231931787128
-20.87362945374718
-3.8888201104564883
-3.0143035951302593
3.7458642287998574
0.0
0.0
3.2684251553855264
83.04837533147976
-38.595305877495015
-21.157071622109466
-3.89680697272879
-3.067826921946309
3.7307859949497266
0.0
0.0
3.283387305106741
83.53733442701565
-38.890924379984874
-21.429299099355017
-3.9069911083096205
-3.1187335363564492
3.712515818030221
0.0
0.0
3.3026356716072423
83.99963645702208
-39.16919956641991
-21.690183195678774
-3.919180284674047
-3.1670158375517468
3.691336775124268
0.0
0.0
3.3258671081913826
84.4355566867155
-39.43019700614668
-21.939639755165913
-3.933196606139192
-3.212675068755315
3.6675247726116136
0.0
0.0
3.352771497678211
84.84543520410406
-39.67402050120695
-22.177627564623396
-3.9488763650847423
-3.2557205737700112
3.6413474091408546
0.0
0.0
2.709417265878622
71.85494060866392
-39.364583251446504
-33.99318637999823
-1.64813665653026
-3.806773057050281
3.1714922134832846
0.0
0.0
3.540111510403296
67.23320286379698
-38.21222490404783
-31.27604892780554
-0.6790953450049619
-4.6652668877872685
1.8226643726778788
0.0
0.0
4.046179339308355
65.41242526468817
-37.46979819778477
-28.010351117680536
-0.37029195754234223
-4.916926884086624
0.9764731755337754
0.0
0.0
4.64051680178963
63.124884103352485
-36.6681143315467
-25.964817668401103
-0.15212673795011727
-4.9522146487996626
0.2591903784907196
0.0
0.0
5.313079248172737
60.72473447496913
-35.770159532628874
-24.505928107791647
0.00526463682122047
-4.916883683079802
-0.37125192276765906
0.0
0.0
6.046591134158769
58.318691270709444
-34.78209730395948
-23.341215037406624
0.12511104035936482
-4.84502928322793
-0.9411981653147065
0.0
0.0
6.825507448182795
55.93459677686104
-33.71820266934816
-22.324540654405368
0.22417569220083355
-4.744599634135514
-1.466166100957578
0.0
0.0
7.637161736927662
53.575000387596134
-32.59242138388338
-21.379161261534485
0.3143176480108723
-4.618654116774714
-1.9550865367556345
0.0
0.0
8.471301312930382
51.23516595616373
-31.416827222679462
-20.46375331613187
0.40383666652804795
-4.469935700690766
-2.4130298187097563
0.0
0.0
9.31948568744689
48.90938524287605
-30.201690175018996
-19.55603287473386
0.49844913609148733
-4.301436089550385
-2.842832178030926
0.0
0.0
10.174624408875044
46.59312477843444
-28.95581664094755
-18.644324290341505
0.6019821002079973
-4.116200263360178
-3.2460474132200536
0.0
0.0
11.03066259191769
44.283621890009925
-27.68685063723179
-17.723032150278456
0.7168702893120592
-3.9171182711454393
-3.623496887820833
0.0
0.0
11.882365976166692
41.97985792974478
-26.401499998278258
-16.79012480910804
0.844516267300812
-3.7068055951457537
-3.9755931581728516
0.0
0.0
12.725174861246964
39.682344766893394
-25.10570022406291
-15.845671794782772
0.985555029159384
-3.487569941387696
-4.302531828994327
0.0
0.0
13.55510000669652
37.392788868334314
-23.804732705441506
-14.89102328142923
1.140058195891289
-3.26140490939346
-4.60440652005843
0.0
0.0
14.368643847806151
35.113811085485516
-22.503317732117296
-13.928307932094171
1.3076836645949894
-3.030025724834153
-4.8812749901488175
0.0
0.0
15.162740218978314
32.84869676753736
-21.20568056038888
-12.960067225726807
1.4877968897886718
-2.7948931708861036
-5.133208745513567
0.0
0.0
15.934708034468994
30.601158263012792
-19.915607614234194
-11.989081643347525
1.6795561389792482
-2.557252045882451
-5.360312353252466
0.0
0.0
16.682211961329443
28.375151299901987
-18.63649271833558
-11.018248185139841
1.8819865828650237
-2.3181574419098325
-5.56274193810044
0.0
0.0
17.403230721403826
26.174738856263378
-17.371371460046102
-10.050475777434027
2.0940324064545535
-2.078504989772852
-5.740711048394096
0.0
0.0
18.096027109226263
24.00399884812518
-16.122954181712306
-9.088563567477403
2.3145971628181288
-1.8390571294839533
-5.894499367462644
0.0
0.0
18.75912933345963
21.866880896838573
-14.893652536112073
-8.135278287641164
2.5425768152184856
-1.600455242138523
-6.02444417433435
0.0
0.0
19.39130423645326
19.767194734398547
-13.685600832848667
-7.193207291819951
2.7768831646084413
-1.3632451827744794
-6.130948288923307
0.0
0.0
19.991545095803527
17.70854538953637
-12.50067655629516
-6.264786081996304
3.016458089167152
-1.1278874113849953
-6.214470209169585
0.0
0.0
20.559050168615038
15.694279218508779
-11.340520781586548
-5.352282682996687
3.2602955553731174
-0.8947671184063719
-6.275525091740537
0.0
0.0
21.093211504236375
13.72747623878216
-10.206549261612595
-4.457779550298634
3.5074373340830447
-0.6642114103893066
-6.3146771512685556
0.0
0.0
21.59360121888846
11.810922396098434
-9.099971956543227
-3.5831959601979206
3.7569900937657987
-0.4364908735121945
-6.332534842723251
0.0
0.0
22.059957251569482
9.947123211112178
-8.021801752868022
-2.7302226817595985
4.008121747607773
-0.21183222060037094
-6.329750268275287
0.0
0.0
22.492174875564967
8.138286831922166
-6.972867422071241
-1.9003671762373984
4.260069490196082
0.009579991008793753
-6.307010880143707
0.0
0.0
22.890294210350387
6.38629663479695
-5.95382884654002
-1.094989916787116
4.512135194371525
0.22759642653013085
-6.265033131311274
0.0
0.0
23.254494782678275
4.692749070153912
-4.965181468204685
-0.3152739799416487
4.763681312416799
0.4420947241708438
-6.204560451132748
0.0
0.0
23.585079575159455
3.0589781911607803
-4.007270478173521
0.43784686264072636
5.014141396502332
0.6529793726546809
-6.12636445972619
0.0
0.0
23.882468569007965
1.4860021773742673
-3.0803005948353688
1.163536910275868
5.263006617100634
0.8601823939361872
-6.031230400602107
0.0
0.0
24.147194714281895
-0.025422005851410967
-2.184342716563364
1.8611387474091312
5.5098263948489645
1.0636496174751557
-5.919958634532393
0.0
0.0
24.379893961165692
-1.4748107435310007
-1.3193441226705034
2.5301361435385976
5.754206380127665
1.263351561935454
-5.793363351046894
0.0
0.0
24.5812942955257
-2.86191252221139
-0.4851373570925748
3.170163290732667
5.995803590310409
1.4592679737547025
-5.652263721176633
0.0
0.0
24.7522087960167
-4.186716640644878
0.31855054739369126
3.7810258045492002
6.2343277877743
1.6513967364369289
-5.497489940635876
0.0
0.0
24.89353348873415
-5.449447103261604
1.0920932902213494
4.362620777298558
6.469528307553612
1.8397476920288391
-5.329867126087882
0.0
0.0
25.006238015162964
-6.650572401368347
1.8359537539833095
4.914915175532609
6.701199773739464
2.024344891908894
-5.150221583260661
0.0
0.0
25.091354158538376
-7.790713272995479
2.5506759680980835
5.438065932714899
6.929178435716602
2.205217593280808
-4.959380926242434
0.0
0.0
24.670242137477462
-5.681338917793659
2.750732477059934
8.03078505402056
6.714993612629364
2.4524952024061686
-4.38327297008123
0.0
0.0
24.078764966605952
-2.553089984022998
2.9974004968741634
13.364538067246691
6.707422197200889
2.711919839190651
-3.9826364366024554
0.0
0.0
23.407684670027432
-0.5386635721969426
3.091256998614904
16.624015382991626
6.6728114692126645
3.0073252754911968
-3.3721776970158976
0.0
0.0
22.646346153245506
1.0557551132386742
3.102566104210762
18.975369892459366
6.633171491146012
3.2277797966102706
-2.6435953658898823
0.0
0.0
21.805496911143386
2.409103796981468
3.036922479207072
20.63618957686467
6.578424361577779
3.3861403680522777
-1.824090172033736
0.0
0.0
20.902623222393512
3.6174170570231694
2.892288046376658
21.649441004428308
6.5005198552373855
3.496222300414047
-0.9307417573399204
0.0
0.0
19.93562572337713
4.832556210842423
2.676207400124057
22.3038832547636
6.405540683296795
3.5574925499200445
0.007702807471731868
0.0
0.0
18.909104192269506
6.0638259757868
2.3955600985631706
22.70157138772724
6.299702213294331
3.5757754755569167
0.9720822195615312
0.0
0.0
17.83126335617403
7.279520088021299
2.060027204131893
22.883336722982325
6.187923501282514
3.555116705907814
1.9471815880247079
0.0
0.0
16.709517212758442
8.476024525320343
1.67940073226854
22.89755438120625
6.072487436207935
3.4986894331853606
2.920644783521472
0.0
0.0
15.552939899334628
9.624828744501556
1.2648939511060826
22.76291087370492
5.955703276817493
3.408949131300564
3.8815285112294124
0.0
0.0
14.372104368877435
10.678659839572665
0.8299484900131269
22.483620487903625
5.840339877373689
3.287180849198941
4.818742563838081
0.0
0.0
13.179062394918013
11.57210529894587
0.39087461603537776
22.056770494752282
5.729938307818275
3.13370317532182
5.72003813249944
0.0
0.0
11.986231693168861
12.243572779151174
-0.03436428963060445
21.48884182960553
5.627476662247757
2.9492041171877355
6.57251655705863
0.0
0.0
10.807675686962517
12.60825985940687
-0.42483310611234026
20.779227770926337
5.536707985125684
2.734146963594324
7.361612109183626
0.0
0.0
9.645197413268633
13.032407811625953
-0.8095305560565795
20.140394457993903
5.419661727826195
2.5173420142556564
8.097941551474054
0.0
0.0
8.498100486919446
13.883670146150264
-1.2409056015436404
19.681500572020887
5.239423936784312
2.3209345392261773
8.80598745610858
0.0
0.0
7.375745392515169
15.066228421022434
-1.7473357550806656
19.20932725328412
4.992579826092761
2.1378285649034754
9.500002111176343
0.0
0.0
6.286958480704365
16.551370982488834
-2.3599743044640022
18.61803775876659
4.674762465974565
1.9577899894488808
10.187724449617722
0.0
0.0
5.24047617215985
18.34822301699148
-3.116155721187075
17.838781499803094
4.279354516736903
1.771180604443004
10.874571668599932
0.0
0.0
4.2228097190125045
20.413734912966802
-3.9694406814215712
17.187767634662613
3.869603668628206
1.542255915209539
11.51819627202749
0.0
0.0
2.8240188074516235
23.528682731351903
-4.698793577215397
18.145334235631875
3.5921074767318197
1.097830711729109
12.185506193755305
0.0
0.0
1.383808920295239
26.294916255117155
-5.4880237285768
18.641157859384695
3.3096391224763972
0.7404302250876049
12.866045602543611
0.0
0.0
-0.025673654569695753
28.767606195744293
-6.3190059496871935
18.71427514050901
3.014522727866492
0.4231617336532945
13.525749112508878
0.0
0.0
-1.3893514312380904
31.08065559740362
-7.168800188940532
18.554867463788508
2.712637790150365
0.10810692996407939
14.145844897463784
0.0
0.0
-2.6952229470949303
33.28418237846641
-8.028416247065428
18.24365611698996
2.405539092563678
-0.21384139586837775
14.71718727052331
0.0
0.0
-3.9323728366010235
35.39440312936418
-8.894099850409173
17.811777920727046
2.0932402483748556
-0.5430058831633949
15.235223485569295
0.0
0.0
-5.090547180680942
37.413727161021264
-9.764479491286528
17.266365191688738
1.7752251791798455
-0.8773620517984493
15.697828718873605
0.0
0.0
-6.160234009140737
39.33957502300055
-10.639692040227224
16.602278010765716
1.4507992035450092
-1.2145304509515555
16.104374634196944
0.0
0.0
-7.132878039183998
41.168454336788606
-11.52119018071032
15.806955467572372
1.119156861689534
-1.5523310217450157
16.455389175963877
0.0
0.0
-8.001159261584702
42.89828459078046
-12.411768816607239
14.86263331574052
0.7793328067398032
-1.888942754460873
16.752484640694906
0.0
0.0
-8.75934390981913
44.530024229932586
-13.315693628776602
13.747205260471068
0.4301311608060039
-2.222952891063416
16.998413178546414
0.0
0.0
-9.403664523715802
46.06889549385626
-14.238869427018653
12.434182653773707
0.06997161798036827
-2.5534137553106073
17.19723845554181
0.0
0.0
-9.932841850521516
47.525842806809145
-15.189027344336674
10.892720495862061
-0.303174095759713
-2.879966024010363
17.35451018457134
0.0
0.0
-10.348634599434225
48.918843814834766
-16.175949467370458
9.086620848287835
-0.691938233981815
-3.202924688329839
17.47754088118052
0.0
0.0
-10.656490715043605
50.274214323271345
-17.211747873685415
6.972918972301803
-1.099711833501158
-3.5233853584717796
17.575725385216483
0.0
0.0
-10.866303558055359
51.62809766110981
-18.311151684220267
4.500192317032392
-1.5308110103044976
-3.8433858671816825
17.660899332906553
0.0
0.0
-10.993258340310579
53.02771633440262
-19.491826648676604
1.605648048284768
-1.990654004176882
-4.1660683755700125
17.747772664105003
0.0
0.0
-11.058770722076519
54.53241138789767
-20.77472158930986
-1.7889628450355053
-2.4859616828800677
-4.49583439275446
17.854420095485953
0.0
0.0
-11.091469623979048
56.21404296100046
-22.18441280970862
-5.7836432935664375
-3.0249905258443666
-4.838494374090373
18.00286971243018
0.0
0.0
-11.242676249150644
58.55425270070319
-23.633199292478473
-8.974273036990057
-3.5289872794911123
-5.251391458916513
18.130819204226313
0.0
0.0
-11.420458710444912
61.16492393042709
-25.11600106148629
-11.203469633583795
-3.967119496556729
-5.668638300053636
18.147243385401918
0.0
0.0
-11.612088178416224
63.81242303414588
-26.624393665373255
-12.974221191940508
-4.364808974706561
-6.08181918521113
18.097789584708103
0.0
0.0
-11.810319579264066
66.40053421825723
-28.14571756948047
-14.52410207285289
-4.736353286515086
-6.491072080849313
18.004463310086642
0.0
0.0
-12.011638881569041
68.89333279187163
-29.66729188994035
-15.963564323967276
-5.090612019403157
-6.8973203975489135
17.878213724380778
0.0
0.0
-12.215050774862302
71.28129972345795
-31.17755883883497
-17.340974766161867
-5.433471308178779
-7.300642005658112
17.72474041066174
0.0
0.0
-12.421321922416695
73.56657951422875
-32.666268999623234
-18.673422441796912
-5.769013892813345
-7.700321390461784
17.547228419914113
0.0
0.0
-12.632536659781872
75.75678880802236
-34.12444477106834
-19.961218444829743
-6.100126577496011
-8.095190499094683
17.347655582056525
0.0
0.0
-12.851839418329496
77.86265289807189
-35.544331253105895
-21.194719844576024
-6.4288815858326815
-8.483929402084154
17.127445735235757
0.0
0.0
-13.083284264311013
79.89736634831847
-36.91939294695644
-22.3572925546518
-6.756796368374129
-8.865259423589999
16.88780308657581
0.0
0.0
-21.448504239380096
95.89319694747371
-35.93398584980164
2.2876673692678047
-8.61298278218247
-10.601151150886096
20.209730876168432
0.0
0.0
-21.911279449129392
89.25709231256252
-36.60610362797645
-5.890951482814367
-8.64429533582441
-10.708564630447407
20.001633169200602
0.0
0.0
-22.24990083696977
85.43924291604351
-36.97450106521115
-9.819871133407487
-8.681014517264884
-10.93000614581336
19.42981228582174
0.0
0.0
-22.46737792998781
83.00326119448498
-37.14631040236332
-11.753824898491558
-8.77731925120509
-11.131044672468798
18.695966573193033
0.0
0.0
-22.56953466713407
81.25904520051027
-37.17273811480539
-12.74667897634395
-8.937246711105205
-11.278855730735156
17.889682328649275
0.0
0.0
-22.565073475575097
79.8646039904085
-37.08319960609399
-13.292277326020313
-9.148733378402728
-11.372254308164788
17.05113270007357
0.0
0.0
-22.46414179011959
78.64436036456533
-36.89793399694727
-13.619715452166828
-9.396259898689488
-11.417728332138994
16.198331120237047
0.0
0.0
-22.277193288664627
77.50453074185707
-36.63277707884746
-13.834094705038547
-9.665355870475747
-11.422260187700896
15.339579557519366
0.0
0.0
-22.014312688861207
76.39320390462599
-36.300971464575596
-13.982827870332963
-9.943909480073582
-11.391672794854335
14.479039209397712
0.0
0.0
-21.684888895241457
75.28101295558498
-35.91390818491615
-14.086853608454712
-10.222291493783606
-11.330595643696457
13.61919323248087
0.0
0.0
-21.297499145525737
74.15144372215053
-35.48148916936673
-14.155270760660137
-10.493087434220994
-11.242774731072997
12.761907598478288
0.0
0.0
-20.859905694417964
72.99574402100713
-35.01235350063316
-14.192134431696614
-10.75073923736184
-11.131363042044182
11.908863704459144
0.0
0.0
-20.37910546518483
71.81009071001368
-34.51404930456745
-14.199552999668567
-10.991202477370145
-10.999122167022557
11.06171381593152
0.0
0.0
-19.861399935233433
70.59390718026823
-33.993177499219485
-14.179048712006042
-11.211650200161555
-10.848546535648481
10.222118344908406
0.0
0.0
-19.312468635170948
69.34879690666871
-33.4555156637728
-14.13211238196227
-11.410227059162573
-10.681935157442325
9.39173643365504
0.0
0.0
-18.73743858279919
68.07782763913026
-32.906125114775406
-14.060392265813672
-11.585848571432276
-10.501431340611298
8.572201394580397
0.0
0.0
-18.140946652231055
66.78502910410594
-32.34944307357903
-13.965723956107261
-11.738038299414464
-10.309044040561545
7.76509439399115
0.0
0.0
-17.527194186966963
65.47502962242481
-31.789361634857254
-13.850097269175826
-11.866796100089605
-10.106659145793854
6.971921572693463
0.0
0.0
-16.89999421863679
64.15278846135942
-31.229295221664042
-13.715603587490415
-11.972491575317274
-9.896045510545623
6.194096170418528
0.0
0.0
-16.262812068094288
62.82339717343289
-30.672238135810975
-13.564382413358642
-12.055777905246776
-9.678858430848228
5.4329256835189605
0.0
0.0
-15.618800211967043
61.491932241371
-30.12081367393028
-13.398574424865256
-12.11752216904567
-9.456642037815191
4.689603493425735
0.0
0.0
-14.97082826503231
60.16334667005942
-29.577316109348406
-13.220283150236382
-12.158749018532347
-9.230831390390094
3.9652042318333196
0.0
0.0
-14.321508840868105
58.842391505474474
-29.043746664049657
-13.03154515667332
-12.180595183631414
-9.002754664029233
3.2606821556581407
0.0
0.0
-13.673219950840968
57.53356049415037
-28.52184442973427
-12.834307796209474
-12.184272779279684
-8.773635617601402
2.5768718801182824
0.0
0.0
-13.028124502000617
56.241052671508214
-28.013113048503904
-12.630413322376176
-12.171039775206253
-8.544596403819002
1.9144909139123008
0.0
0.0
-12.388187365307381
54.96874882250001
-27.5188438353359
-12.421588217010825
-12.142176303011695
-8.316660724622732
1.2741435344330434
0.0
0.0
-11.75519040840324
53.72019863486057
-27.040135914406697
-12.20943669992626
-12.098965726652366
-8.09075730034493
0.6563256262755731
0.0
0.0
-11.130745821710262
52.498616039390186
-26.577913848573356
-11.995437544624039
-12.042679603782775
-7.867723605329583
0.06143017940652795
0.0
0.0
-10.516308011691974
51.3068807608956
-26.132943163017064
-11.780943474715095
-11.974565828532166
-7.648309817129825
-0.5102467944942116
0.0
0.0
-9.913184289209338
50.14754451922419
-25.705844098576343
-11.567182545787999
-11.895839377341234
-7.433182925820658
-1.0585001174803503
0.0
0.0
-9.322544542472293
49.022840649495706
-25.297103875255186
-11.355261030943693
-11.807675186001179
-7.222930952850515
-1.5832092201108168
0.0
0.0
-8.74543005233666
47.93469617518699
-24.907087700083686
-11.146167421138227
-11.71120277217354
-7.018067233332426
-2.0843319482847242
0.0
0.0
-8.182761580937335
46.884745574656336
-24.53604871527726
-10.940777226925233
-11.607502287583712
-6.819034720553841
-2.5618984867998678
0.0
0.0
-7.6353468424379916
45.87434565070529
-24.184137049464923
-10.739858334772752
-11.497601741214716
-6.626210276999403
-3.0160054612868814
0.0
0.0
-7.103887446226672
44.90459104405203
-23.851408108290432
-10.544076718014251
-11.382475180922313
-6.439908921096817
-3.4468102622169874
0.0
0.0
-6.588985387240278
43.9763300393081
-23.537830217022158
-10.354002348124991
-11.263041658999521
-6.26038800388915
-3.8545256200445683
0.0
0.0
-6.091149145295637
43.09018039491674
-23.243291709149265
-10.17011518465183
-11.140164837887943
-6.087851294087467
-4.239414449131926
0.0
0.0
-5.61079944433496
42.24654499686449
-22.96760753838287
-9.992811147303685
-11.014653117459845
-5.92245295388185
-4.601784969564412
0.0
0.0
-5.148274713478979
41.44562718772612
-22.710525478036242
-9.82240800130041
-10.887260186149502
-5.764301391441937
-4.941986108736529
0.0
0.0
-4.703836284250101
40.687445664820125
-22.471731960341227
-9.659151100536619
-10.75868591482699
-5.6134629789187
-5.260403180016372
0.0
0.0
-4.277673351923423
39.97184887451196
-22.25085759869055
-9.503218949040702
-10.62957752634554
-5.469965627539266
-5.557453831765097
0.0
0.0
-3.869907723696346
39.2985288535774
-22.047482427678887
-9.354728553369807
-10.500530984994548
-5.333802213424227
-5.833584257557691
0.0
0.0
-3.4805983719749576
38.667034489857045
-21.861140889195966
-9.213740549235663
-10.372092559537917
-5.204933849884695
-6.089265656568934
0.0
0.0
-3.1097458074728914
38.076784188327984
-21.69132658728471
-9.080264088159756
-10.244760520937461
-5.083293003520998
-6.324990932285099
0.0
0.0
-2.757296283636537
37.52707793994184
-21.53749682962516
-8.954261482544366
-10.118986942489268
-4.968786452671653
-6.54127161676535
0.0
0.0
-2.423145841620666
37.01710879930361
-21.39907696994356
-8.835652605454298
-9.995179575189281
-4.86129808830131
-6.738635008099829
0.0
0.0
-2.107144202780983
36.54597378261621
-21.275464562147935
-8.724319050922162
-9.873703775415763
-4.76069155806713
-6.917621508222007
0.0
0.0
-1.80909851418391
36.112684202459604
-21.166033334787702
-8.620108057103135
-9.754884465737586
-4.666812755307056
-7.078782149294643
0.0
0.0
-1.5287769511474532
35.71617545662916
-21.070136991970465
-8.522836201453412
-9.639008112585337
-4.579492155474268
-7.2226762968588165
0.0
0.0
-1.2659121798704331
35.35531629217108
-20.98711284555359
-8.432292876131667
-9.526324706968488
-4.498547002934981
-7.349869518871954
0.0
0.0
-1.0202046823151258
35.02891756461567
-20.91628528180302
-8.348243551708013
-9.417049736653574
-4.423783351803794
-7.460931610407757
0.0
0.0
-0.7913259449482365
34.73574051302486
-20.856969064962502
-8.270432841310015
-9.311366139908932
-4.354997964765379
-7.556434764307227
0.0
0.0
-0.5789215124729763
34.47450457222732
-20.8084724793369
-8.19858737150599
-9.20942623243333
-4.291980074142292
-7.636951879038282
0.0
0.0
-0.38261390739704165
34.243894740000485
-20.770100311026518
-8.132418473721714
-9.11135360038854
-4.234513009974599
-7.703054995445059
0.0
0.0
-0.20200541604767047
34.04256851995481
-20.741156669952982
-8.071624702741108
-9.017244953650103
-4.182375699842284
-7.755313854823318
0.0
0.0
-0.03668074170009238
33.869162456160126
-20.72094765292699
-8.015894192877902
-8.927171934167118
-4.135344045611332
-7.794294571413248
0.0
0.0
0.1137904746299325
33.722298276812765
-20.708783848378783
-7.964906860393235
-8.84118287533958
-4.093192182183433
-7.820558412751321
0.0
0.0
0.24985126502672472
33.6005886620785
-20.703982683158213
-7.9183364600570245
-8.759304508977928
-4.0556936236404155
-7.83466068208256
0.0
0.0
0.3719550762832766
33.502642650486735
-20.705870612507894
-7.875852504222201
-8.681543617099308
-4.022622302169704
-7.837149697194497
0.0
0.0
0.48056364125570156
33.42707069723539
-20.713785154114714
-7.83712205035974
-8.60788862619937
-3.9937535050836797
-7.828565860756791
0.0
0.0
0.5761449786973979
33.372489396164305
-20.72707676758683
-7.801811364940669
-8.538311142543169
-3.9688647154055543
-7.809440817245817
0.0
0.0
0.6591715200321018
33.33752587779873
-20.74511058104434
-7.769587469019014
-8.47276742702579
-3.9477363615012915
-7.780296692193483
0.0
0.0
0.7301183612820537
33.320821893201696
-20.767267967002095
-7.7401195707856845
-8.411199808841381
-3.9301524808667603
-7.7416454094862095
0.0
0.0
0.7894616380041016
33.32103759430456
-20.79294796966596
-7.7130803906236665
-8.353538037469068
-3.9159013036196626
-7.693988082875704
0.0
0.0
0.8376770209165763
33.336855019742266
-20.82156858683849
-7.688147383370449
-8.299700572826852
-3.904775760639681
-7.637814477894185
0.0
0.0
0.8752383295085667
33.366981295747095
-20.852567909228796
-7.665003861295289
-8.249595813669416
-3.8965739215390265
-7.5736025407525345
0.0
0.0
0.9026162606443612
33.41015156019602
-20.88540512115069
-7.643340022314766
-8.203123264660245
-3.8910993673601624
-7.501817990699703
0.0
0.0
0.9202772289619664
33.46513161862866
-20.91956136614512
-7.622853886975449
-8.16017464267098
-3.8881615027430163
-7.422913972671122
0.0
0.0
0.9286823156207735
33.53072034051138
-20.95454048215418
-7.603252146871246
-8.120634923156306
-3.8875758123066624
-7.337330767058405
0.0
0.0
0.9282863215493624
33.605751803220635
-20.989869610607762
-7.584250928797611
-8.084383327510954
-3.8891640655041835
-7.245495553536739
0.0
0.0
0.9195369214223865
33.689097192966265
-21.0250996844434
-7.56557647627434
-8.051294252674776
-3.8927544744129094
-7.1478222259546556
0.0
0.0
0.9028739141072235
33.779666469482265
-21.059805800137205
-7.546965752202844
-8.021238143986077
-3.89818180841732
-7.044711255582822
0.0
0.0
0.8787285653488122
33.87640980371754
-21.09358747907854
-7.528166965362929
-7.99408231301156
-3.905287469764769
-6.936549599596765
0.0
0.0
0.8475230382959248
33.97831879583877
-21.12606882403033
-7.508940022058118
-7.96969170141531
-3.9139195335839116
-6.823710652480805
0.0
0.0
0.8096699072742779
34.084427482397196
-21.15689857603449
-7.4890569084191325
-7.947929592841538
-3.923932756030184
-6.7065542372183335
0.0
0.0
0.7655717502243057
34.193813141296864
-21.18575007792016
-7.468302002389189
-7.92865827403084
-3.935188553615271
-6.5854266340935474
0.0
0.0
0.7156208151674481
34.30559690233967
-21.21232115007169
-7.446472321387053
-7.911739647091443
-3.9475549571175934
-6.460660644235854
0.0
0.0
0.6601987559548422
34.41894417303021
-21.236333884463107
-7.423377705707412
-7.89703579456004
-3.9609065426818515
-6.3325756856632225
0.0
0.0
0.5996764326592836
34.53306488771688
-21.25753436286245
-7.398840942040143
-7.884409498997294
-3.9751243430514394
-6.201477919205152
0.0
0.0
0.5344137719377426
34.64721358969906
-21.275692305149377
-7.372697829320276
-7.8737247188255735
-3.9900957413101867
-6.067660402148433
0.0
0.0
0.4647596827465806
34.76068935477583
-21.290600653516083
-7.3447971894803095
-7.864847022321453
-4.005714349515443
-5.931403267156648
0.0
0.0
0.39105202288289254
34.87283556578624
-21.302075098325624
-7.315000826123023
-7.857643981354599
-4.021879874384045
-5.792973924408114
0.0
0.0
0.31361761194115306
34.98303954736097
-21.309953551278852
-7.2831834341110255
-7.8519855268954935
-4.038497972046085
-5.652627284628664
0.0
0.0
0.23277228633448652
35.09073206963945
-21.314095571349576
-7.24923246314832
-7.847744267804006
-4.055480093559657
-5.510606001101253
0.0
0.0
0.1488209921834868
35.195386731056594
-21.314381748845104
-7.213047937684931
-7.844795774880496
-4.072743323025525
-5.367140728582651
0.0
0.0
0.06205791207974158
35.296519228510775
-21.310713052654844
-7.174542236815988
-7.843018831836161
-4.090210209664779
-5.222450397209052
0.0
0.0
-0.027233378210722768
35.393686524476045
-21.30301014578781
-7.133639836887287
-7.842295654851246
-4.107808595267654
-5.076742499556262
0.0
0.0
-0.11877972679144944
35.48648592023275
-21.291212673746177
-7.090277020118427
-7.842512082580898
-4.125471438320903
-4.930213389016981
0.0
0.0
-0.21231819996106072
35.57455404395706
-21.27527853039504
-7.044401551050321
-7.843557738058636
-4.143136635746402
-4.783048587987153
0.0
0.0
-0.30759585714845605
35.657565762102536
-21.25518310552179
-6.995972326455546
-7.845326164407911
-4.1607468434789965
-4.635423103989871
0.0
0.0
-0.40436950965073915
35.73523302341657
-21.230918518138584
-6.944958998013346
-7.84771493569261
-4.178249296483906
-4.487501752441274
0.0
0.0
-0.5024054660819035
35.80730364290851
-21.202492839393674
-6.891341574330452
-7.850625744672778
-4.195595629215622
-4.33943948444079
0.0
0.0
-0.6014792673307299
35.873560035027324
-21.16992930849953
-6.835110002585547
-7.8539644689060415
-4.212741697098568
-4.191381718337263
0.0
0.0
-0.7013754135535598
35.93381790300454
-21.133265545149875
-6.776263733396609
-7.857641216701705
-4.229647399600639
-4.043464673698512
0.0
0.0
-0.8018870856079288
35.9879248917145
-21.09255276138254
-6.71481127276375
-7.861570354338248
-4.246276505435275
-3.895815706475801
0.0
0.0
-0.9028158630532892
36.03575921271352
-21.047854975749125
-6.650769721329915
-7.8656705160319484
-4.262596480410107
-3.748553644330155
0.0
0.0
-1.0039714407471363
36.07722824644498
-20.999248232418203
-6.5841643061465325
-7.869864597888897
-4.278578318095544
-3.601789120896378
0.0
0.0
-1.105171345791552
36.11226712969926
-20.946819827484433
-6.515027905292809
-7.874079737209134
-4.294196373884014
-3.4556249081884145
0.0
0.0
-1.2062406564885106
36.14083733369637
-20.890667544754013
-6.443400569032165
-7.878247278436268
-4.309428202458909
-3.3101562460759357
0.0
0.0
-1.3070117247065585
36.16292523884322
-20.830898902851708
-6.369329039308033
-7.882302726844091
-4.3242543990366755
-3.165471168117985
0.0
0.0
-1.4073239029961513
36.17854071231589
-20.76763041536591
-6.292866268396297
-7.886185691224724
-4.338658444495353
-3.0216508230072825
0.0
0.0
-1.507023277498094
36.18771569179067
-20.700986865699765
-6.214070942491661
-7.889839816638674
-4.352626554503734
-2.8787697907113166
0.0
0.0
-1.6059624077174315
36.190502782744495
-20.631100597730292
-6.133007006130187
-7.893212708230514
-4.366147532800302
-2.736896393074878
0.0
0.0
-1.7040000738904881
36.186973871061625
-20.558110823775245
-6.049743195358806
-7.896255847196396
-4.379212628571192
-2.5960929979558482
0.0
0.0
-1.8010010327364463
36.17721875688782
-20.48216295056257
-5.9643525768448855
-7.8989244998482855
-4.391815398140346
-2.456416316558829
0.0
0.0
-1.89683578210186
36.16134381228638
-20.403407924281716
-5.876912096350596
-7.901177620514356
-4.403951570815915
-2.317917693613667
0.0
0.0
-1.991380335010534
36.13947066671892
-20.32200159533985
-5.787502137003755
-7.902977749388396
-4.415618918982712
-2.180643389808407
0.0
0.0
-2.08451600340979
36.11173492244279
-20.238104103393333
-5.696206090150574
-7.904290905881932
-4.426817132437288
-2.0446348563463497
0.0
0.0
-2.1761291919551247
36.07828490394228
-20.151879283201588
-5.603109937231692
-7.905086478363006
-4.437547696826311
-1.9099290012450436
0.0
0.0
-2.2661112019075325
36.03928044181716
-20.06349409149272
-5.508301846025705
-7.90533711094417
-4.447813776282741
-1.7765584471765639
0.0
0.0
-2.354358045299357
35.994891694821916
-19.97311805527774
-5.411871780756718
-7.905018587951064
-4.45762010008781
-1.6445517807072483
0.0
0.0
-2.440770269340801
35.94529801066171
-19.880922741631224
-5.313911127435477
-7.904109716735189
-4.466972853372962
-1.513933792746616
0.0
0.0
-2.525252791012074
35.89068682765286
-19.78708124895401
-5.214512334165028
-7.902592209247438
-4.47587957176248
-1.384725710174452
0.0
0.0
-2.6077147417463133
35.831252617984354
-19.69176771993102
-5.113768568317234
-7.900450563136629
-4.484349039846283
-1.2569454185227409
0.0
0.0
-2.688069322034591
35.76719587386006
-19.595156875851217
-5.011773388636643
-7.897671942547047
-4.4923911935176335
-1.130607675795212
0.0
0.0
-2.766233665663511
35.69872213651892
-19.49742357222178
-4.908620436075158
-7.894246059300317
-4.500017025952958
-1.005724317293198
0.0
0.0
-2.8421287134925994
35.626041069944456
-19.39874237561611
-4.8044031389668005
-7.890165054710301
-4.507238497288113
-0.8823044516830282
0.0
0.0
-2.9156790962944816
35.5493655776626
-19.29928716125893
-4.699214437622632
-7.885423382394219
-4.514068447783436
-0.7603546481711607
0.0
0.0
-2.9868130264677406
35.46891096440779
-19.199230731253362
-4.593146523705855
-7.880017692494326
-4.520520514523747
-0.6398791151034325
0.0
0.0
-3.0554621982370023
35.38489414148659
-19.09874445307944
-4.486290597909723
-7.873946717485769
-4.5266090514358615
-0.5208798699249844
0.0
0.0
-3.1215616959619075
35.29753287583009
-18.997997917861625
-4.3787366441508855
-7.867211159854205
-4.5323490526863885
-0.40335690073025693
0.0
0.0
-3.185049910217454
35.207045082790756
-18.897158618269195
-4.270573219288578
-7.859813581936538
-4.537756079232285
-0.2873083196411698
0.0
0.0
-3.245868461192034
35.11364816090935
-18.796391645388475
-4.1618872610424384
-7.851758297975851
-4.542846188576949
-0.17273050800289674
0.0
0.0
-3.3039621290819676
35.01755836968861
-18.695859404309058
-4.052763910059535
-7.8430512687317755
-4.547635867549638
-0.05961825380451047
0.0
0.0
-3.359278790980321
34.91899024793796
-18.59572134786481
-3.9432863491999095
-7.833699998637516
-4.552141968112172
0.052035118634113864
0.0
0.0
-3.4117693639658295
34.818156073050005
-18.49613372817145
-3.8335356568418395
-7.823713435668075
-4.5563816460254305
0.1622376263413391
0.0
0.0
-3.4613877538632987
34.715265359324036
-18.39724936537804
-3.7235906762356135
-7.813101874090757
-4.56037230241992
0.27099851268186453
0.0
0.0
-3.50809080936647
34.61052439491587
-18.299217433296025
-3.6135278982730097
-7.801876860052006
-4.564131528091982
0.37832813921958924
0.0
0.0
-3.5518382810270515
34.5041358163497
-18.202183261225056
-3.5034213591489225
-7.790051100164705
-4.567677050504847
0.4842378843919688
0.0
0.0
-3.5925927848371275
34.39629821866596
-18.106288151767174
-3.393342550713656
-7.777638373048709
-4.571026683421154
0.5887400486027978
0.0
0.0
-3.6303197698539296
34.28720580105126
-18.01166921385771
-3.283360344307794
-7.764653443930885
-4.5741982790670175
0.6918477655829854
0.0
0.0
-3.664987489613557
34.17704804618331
-17.918459210696703
-3.17354092645392
-7.751111982261943
-4.5772096828441775
0.793574919721264
0.0
0.0
-3.6965669769120577
34.066009431717525
-17.826786422165014
-3.0639477471600234
-7.737030482349189
-4.580078690385356
0.8939360690796109
0.0
0.0
-3.725032021543612
33.95426917341476
-17.736774520948096
-2.9546414789472353
-7.722426187078066
-4.582823007035339
0.9929463739212249
0.0
0.0
-3.750359150762456
33.84200099834567
-17.64854246229103
-2.845679986335023
-7.707317014525082
-4.5854602095949275
1.0906215303984264
0.0
0.0
-3.7725276119696183
33.72937294628903
-17.56220438655214
-2.737118306942789
-7.691721487667233
-4.588007710283888
1.1869777092315519
0.0
0.0
-3.791519357438058
33.61654719895115
-17.47786953437318
-2.6290086402804667
-7.675658666923605
-4.590482722921926
1.282031499042463
0.0
0.0
-3.8073190306642553
33.50367993516056
-17.39564217379177
-2.521400347035403
-7.659148085628626
-4.592902231158139
1.3757998542113998
0.0
0.0
-3.819913954076249
33.39092121109576
-17.315621539002755
-2.4143399563547154
-7.642209688356161
-4.595282958783198
1.4683000468941514
0.0
0.0
-3.8292941178425104
33.27841486359434
-17.23790178021247
-2.3078711812467
-7.624863771981921
-4.597641342024383
1.5595496230040085
0.0
0.0
-3.8354521694041095
33.16629843665552
-17.16257192422536
-2.2020349409430753
-7.607130929510107
-4.599993503781252
1.649566362000652
0.0
0.0
-3.838383403583802
33.054703128074266
-17.089715845313695
-2.096869391194221
-7.589031996546208
-4.602355229679342
1.7383682401335712
0.0
0.0
-3.8380857529521877
32.943753757054765
-17.01941224589709
-1.9924099595072255
-7.570588000338258
-4.604741946024346
1.8259733969627916
0.0
0.0
-3.8345597781906404
32.83356874957761
-16.951734646703336
-1.8886893879194988
-7.551820111383531
-4.607168699439968
1.9124001050568171
0.0
0.0
-3.8278086583133395
32.72426014211447
-16.88675138594602
-1.7857377797802305
-7.532749597462284
-4.609650138235779
1.9976667424028793
0.0
0.0
-3.8178381804605173
32.61593360159432
-16.82452562715814
-1.6835826520732053
-7.513397780058223
-4.612200495412468
2.0817917676501203
0.0
0.0
-3.804656729071063
32.508688460653765
-16.76511537524392
-1.5822489923854677
-7.4937859931338915
-4.614833573274813
2.164793697685151
0.0
0.0
-3.7882752743064203
32.402617767359416
-16.708573500457895
-1.481759319502184
-7.473935544068103
-4.617562729564576
2.2466910876061257
0.0
0.0
-3.7687073594684604
32.29780834831528
-16.654947769837367
-1.3821337476381221
-7.453867676865291
-4.620400865069358
2.327502512696214
0.0
0.0
-3.7459690873306024
32.19434088395232
-16.60428088582469
-1.2833900543151406
-7.433603537343537
-4.623360412662372
2.4072465524244775
0.0
0.0
-3.720079105157506
32.09228999550524
-16.55661053159675
-1.1855437502208122
-7.413164140496824
-4.626453327767881
2.4859417761641986
0.0
0.0
-3.6910585883490947
31.991724341912672
-16.511969422961887
-1.0886081525232372
-7.392570339676899
-4.6296910800655295
2.56360673053747
0.0
0.0
-3.658931222518848
31.892706727049923
-16.47038536623306
-0.9925944589797289
-7.371842797767818
-4.63308464652219
2.6402599282293764
0.0
0.0
-3.62372318394258
31.795294214888706
-16.431881321983862
-0.8975118252118335
-7.351001960132252
-4.636644505672197
2.7159198380970913
0.0
0.0
-3.585463118236751
31.699538253225686
-16.396475474179017
-0.8033674420178853
-7.330068029343434
-4.640380632964692
2.790604876522034
0.0
0.0
-3.54418211718034
31.605484804198294
-16.364181304533467
-0.710166614429216
-7.30906094156787
-4.644302497410498
2.864333399736306
0.0
0.0
-3.499913693634586
31.51317448120264
-16.335007671642796
-0.6179128419159039
-7.288000344666773
-4.64841905909954
2.9371236972220434
0.0
0.0
-3.4526937544214005
31.422642691584066
-16.308958894678273
-0.5266078982469803
-7.266905577766805
-4.652738767939529
3.008993985775058
0.0
0.0
-3.402560571177049
31.3339197841359
-16.28603484140162
-0.4362519121056151
-7.245795652392152
-4.657269563226343
3.079962404427035
0.0
0.0
-3.349554749028979
31.247031201166557
-16.2662310200659
-0.34684344782819115
-7.224689235099834
-4.662018874255334
3.150047009934782
0.0
0.0
-3.2937191931827026
31.161997634167133
-16.249538675071104
-0.2583795854441541
-7.203604631358228
-4.666993621773064
3.219265772792754
0.0
0.0
-3.235099073232501
31.07883518215814
-16.235944886082045
-0.17085600119386984
-7.182559770966786
-4.672200220295556
3.2876365737379833
0.0
0.0
-3.1737417853120427
30.997555513559753
-16.22543267030051
-0.08426704605928165
-7.161572194620371
-4.6776445812140395
3.3551772005672684
0.0
0.0
-3.1096969119674065
30.91816602910237
-16.217981087663105
0.0013941751568606886
-7.140659041757418
-4.683332116706252
3.4219053452975476
0.0
0.0
-3.0430161797776605
30.840670026869752
-16.21356534877883
0.08613572635169076
-7.119837039624972
-4.689267744331579
3.4878386015347402
0.0
0.0
-2.973753414756297
30.76506686816707
-16.212156925275817
0.16996676416398881
-7.099122493422704
-4.69545589230183
3.5529944619960814
0.0
0.0
-2.901964495447654
30.691352143831736
-16.213723662446295
0.25289746208961916
-7.078531277634161
-4.701900505456293
3.617390316176685
0.0
0.0
-2.8277073038530247
30.61951784144058
-16.218229893803088
0.3349389376155385
-7.058078828289184
-4.708605051773082
3.681043448033253
0.0
0.0
-2.7510416740950685
30.549552511020252
-16.225636557547084
0.41610317889801673
-7.037780136388708
-4.715572529487281
3.743971033764766
0.0
0.0
-2.672029338911322
30.48144143188555
-16.235901314524316
0.49640297523593535
-7.0176497421153305
-4.722805474763376
3.806190139434135
0.0
0.0
-2.5907338740238153
30.415166776609112
-16.248978667697582
0.5758518475092064
-6.997701730111775
-4.730305969763645
3.8677177186699123
0.0
0.0
-2.5072206403146393
30.350707775755343
-16.264820082650978
0.6544639811225705
-6.977949725615168
-4.738075651360964
3.9285706102035687
0.0
0.0
-2.4215567240471154
30.288040879254407
-16.283374109275037
0.7322541610002625
-6.958406891358818
-4.746115720082436
3.9887655352592275
0.0
0.0
-2.3338108749609745
30.227139917382026
-16.304586504166373
0.809237707997829
-6.93908592541525
-4.754426949603145
4.048319094892314
0.0
0.0
-2.2440534424956033
30.16797625874929
-16.32840035376921
0.8854304179636077
-6.919999059696462
-4.763009696535031
4.107247767075717
0.0
0.0
-2.1523563100398087
30.11051896619269
-16.35475619793632
0.9608485016778796
-6.901158059274694
-4.771863910565231
4.165567903666636
0.0
0.0
-2.058792827434472
30.054734950653504
-16.383592153856
1.0355085288484072
-6.882574222386195
-4.780989144940934
4.223295727145794
0.0
0.0
-1.963437741610079
30.000589121417548
-16.41484404018909
1.1094273714611542
-6.864258381087636
-4.7903845671722545
4.280447327196164
0.0
0.0
-1.866367125671813
29.948044534278516
-16.448445501146296
1.1826221522740465
-6.846220902604636
-4.8000489700445765
4.337038657013651
0.0
0.0
-1.7676583062352598
29.897062535983093
-16.484328130516783
1.2551101926746868
-6.828471691259196
-4.809980782843202
4.393085529495617
0.0
0.0
-1.6673897893653955
29.847602906032286
-16.522421595442733
1.3269089647693812
-6.811020190988176
-4.820178082789706
4.448603613124296
0.0
0.0
-1.5656411850233771
29.799623994432903
-16.562653759739938
1.3980360443970992
-6.793875388413856
-4.830638606606039
4.503608427722759
0.0
0.0
-1.4624931301560593
29.75308285707032
-16.604950806745972
1.468509066829076
-6.777045816470453
-4.841359762347247
4.558115339939867
0.0
0.0
-1.3580272105748652
29.707935385881804
-16.649237361576386
1.5383456842898118
-6.760539558488082
-4.852338641247502
4.612139558583913
0.0
0.0
-1.252325881688871
29.664136436980783
-16.69543661250507
1.6075635258297116
-6.74436425277386
-4.86357202974246
4.66569612972808
0.0
0.0
-1.1454723880946434
29.621639954268982
-16.7434704315929
1.6761801592217813
-6.728527097660357
-4.875056421621111
4.718799931659609
0.0
0.0
-1.0375506823460094
29.580399088990625
-16.793259494267133
1.7442130545784404
-6.713034856894671
-4.886788030135515
4.771465669622822
0.0
0.0
-0.9286453427633846
29.54036631635225
-16.844723397855738
1.8116795511342254
-6.697893865564835
-4.898762800285955
4.823707870437197
0.0
0.0
-0.8188414905511945
29.50149354694956
-16.897780778954676
1.8785968240472164
-6.683110036245033
-4.910976421102733
4.875540876962569
0.0
0.0
-0.7082247062461883
29.46373223590876
-16.95234942945877
1.9449818556380523
-6.668688865610549
-4.923424337874281
4.926978842351199
0.0
0.0
-0.59688094567794
29.427033486293205
-17.008346411331356
2.0108514059669975
-6.654635441311029
-4.93610176450918
4.978035724354752
0.0
0.0
-0.4848964554372031
29.391348150181834
-17.065688169841735
2.0762219879518202
-6.640954449172462
-4.949003695779958
5.028725279317334
0.0
0.0
-0.3723576881065923
29.356626924758142
-17.124290645325647
2.1411098420994525
-6.627650180687069
-4.962124919575816
5.079061056242366
0.0
0.0
-0.2593512172045696
29.322820444759067
-17.184069383306785
2.2055309139707067
-6.614726540762686
-4.975460029123614
5.129056390726458
0.0
0.0
-0.14596365211217222
29.28987937135647
-17.2449396429858
2.2695008340240728
-6.602187055697383
-4.989003435139579
5.178724398830306
0.0
0.0
-0.03228155297760049
29.257754476438304
-17.306816503956345
2.333034898105595
-6.590034881381449
-5.002749377884281
5.228077970949954
0.0
0.0
0.08160865429966911
29.22639672378415
-17.3696149710295
2.3961480496728846
-6.578272811736784
-5.016691939210583
5.277129765660321
0.0
0.0
0.19562076272386186
29.195757345957336
-17.433250077365365
2.4588548648953257
-6.566903287272742
-5.030825054408074
5.325892203533441
0.0
0.0
0.30966886866358573
29.165787917393523
-17.497636985480174
2.521169537536629
-6.555928403846986
-5.045142524046298
5.374377461031747
0.0
0.0
0.4236674557555389
29.136440424148578
-17.562691086337338
2.5831058665679865
-6.545349921599161
-5.059638025633858
5.4225974643955475
0.0
0.0
0.5375314782735605
29.107667329510857
-17.628328096419587
2.644677244767676
-6.5351692739171865
-5.0743051251627005
5.470563883611361
0.0
0.0
