0.0
4.996558723388672e-14
2.2207236050090108e-14
9.592371341682337e-12
4.856878787170451e-14
3.1536656961565052e-24
-4.4408920985006156e-13
0.0
0.0
-0.11523375314529244
-4.877475385254884
-0.12573377780780096
-6.446935097509287
0.4194520611461813
0.43085312058429315
-0.20430412703537362
0.0
0.0
-0.2691156431834157
-7.400635522331535
-0.20342534893881345
-7.908147335339892
0.45504228899661736
-0.17533335071630027
-0.5485233468048862
0.0
0.0
-0.44217406720718805
-9.388652081839219
-0.27071248361826444
-8.716994190462252
0.5431559940318975
-0.7288974914537452
-0.692886299503037
0.0
0.0
-0.6169092742177127
-11.051953687714525
-0.3227896462027547
-9.224366006772495
0.6673432043722968
-1.2028650740740068
-0.7181442750838953
0.0
0.0
-0.7845780342324906
-12.481507394897523
-0.3568884934286787
-9.544717167906677
0.8061298133439428
-1.6094756701404773
-0.6817269958827404
0.0
0.0
-0.9415238855854796
-13.732725570561499
-0.37237482318493076
-9.742126277397059
0.9464710475930143
-1.9590047366299073
-0.6162970757717929
0.0
0.0
-1.0868190844779824
-14.841747880819172
-0.3697627698579228
-9.85542174607263
1.0808950763772858
-2.2592401516474214
-0.5398391289120008
0.0
0.0
-1.2209262194573653
-15.833248860057997
-0.35012000905281104
-9.908651730200585
1.2053193981263233
-2.516328610994218
-0.46197232620320117
0.0
0.0
-1.3449587385475696
-16.72493395270789
-0.3147438109993576
-9.917081335383356
1.3177218372392823
-2.73531533108677
-0.3875923505154469
0.0
0.0
-1.4602797146384614
-17.53016360794061
-0.2649891587812065
-9.890705318863692
1.4173328156057683
-2.920471424127933
-0.3189598870280772
0.0
0.0
-1.568289909723364
-18.25949479125063
-0.2021808650542099
-9.836316162806952
1.5041401460852726
-3.0754957103453577
-0.25689300399449166
0.0
0.0
-1.67032081432926
-18.92159514078047
-0.12757152752671308
-9.758728225479691
1.5785824931044248
-3.2036425581266017
-0.20144372614096553
0.0
0.0
-1.7675851958283153
-19.523793029707015
-0.04232410172703939
-9.66150745507358
1.641357799939461
-3.3078058590356
-0.15227844853635686
0.0
0.0
-1.8611586139050276
-20.072415803013673
0.052492605832544836
-9.547410399562509
1.6933025283192062
-3.3905767008534506
-0.10888889734890743
0.0
0.0
-1.951977181987346
-20.57300426404265
0.15590190099998064
-9.41865151400276
1.735315043036039
-3.4542850053918306
-0.07070661729718049
0.0
0.0
-2.0408434930896115
-21.030454369835144
0.267014049958007
-9.277068451823407
1.7683068838304805
-3.501031154608593
-0.03716293320571695
0.0
0.0
-2.1284363324221114
-21.44911563722543
0.3850198211445875
-9.124226273864167
1.7931719037357614
-3.532711161510743
-0.00771842778260029
0.0
0.0
-2.2153218472742093
-21.832863360255015
0.5091836528979052
-8.961484718501131
1.8107670189551832
-3.551037505564213
0.018124340391556814
0.0
0.0
-2.301964966089233
-22.18515457463206
0.6388369095356127
-8.790042844150916
1.8219006103011133
-3.557556914295931
0.040817090027944
0.0
0.0
-2.388740464232778
-22.50907356755193
0.7733714430255768
-8.610969591349647
1.827326029066654
-3.5536658818262152
0.06076665933687556
0.0
0.0
-2.475943395071848
-22.80737033934206
0.9122335525777897
-8.425225403772764
1.8277385412341471
-3.540624426895989
0.07833800367144643
0.0
0.0
-2.563798772294406
-23.082494044834377
1.0549183727169331
-8.23367804485317
1.823774600863292
-3.51956842064216
0.09385802480930562
0.0
0.0
-2.652470473618915
-23.33662264208383
1.2009646913193726
-8.037114539189549
1.8160127008364801
-3.4915207125361785
0.10761953543999411
0.0
0.0
-2.742069376667083
-23.571689516945714
1.34995018701301
-7.83625045967575
1.8049752828760364
-3.457401218679035
0.11988501414628178
0.0
0.0
-2.832660756562427
-23.78940757948573
1.5014870700825926
-7.63173733412187
1.791131343786236
-3.418036098606121
0.1308899996636093
0.0
0.0
-2.9242709827321205
-23.991291175817896
1.6552181094103962
-7.424168690372386
1.7748994803033262
-3.3741661194958743
0.14084607786820413
0.0
0.0
-3.0168935547265
-24.178676060442562
1.8108130279901073
-7.214085082188362
1.756651187447296
-3.3264542908982646
0.14994346836959802
0.0
0.0
-3.110494517709838
-24.35273762281968
1.9679652491401975
-7.001978340255885
1.736714276474115
-3.2754928397285363
0.15835324360313807
0.0
0.0
-3.205017297772002
-24.514507522730113
2.126388975584185
-6.788295219116817
1.7153763152913917
-3.221809586807683
0.16622922352071023
0.0
0.0
-3.3003869964926156
-24.664888868529186
2.285816583536624
-6.5734405689413595
1.692888020719321
-3.1658737786608637
0.17370959097779817
0.0
0.0
-3.3965141836658703
-24.804670055210035
2.4459963133727785
-6.3577801269679055
1.6694665519953296
-3.1081014229526023
0.1809182710465544
0.0
0.0
-3.4932982261673367
-24.934537367838082
2.606690238374995
-6.141643003682244
1.645298669624835
-3.0488601705353213
0.18796611327494028
0.0
0.0
-3.590630190182869
-25.05508644674929
2.767672492760587
-5.925323920865368
1.6205437349848097
-2.9884737835982738
0.19495191137083417
0.0
0.0
-3.6883953531180778
-25.166832702681464
2.9287277398750713
-5.709085248305474
1.5953365348088806
-2.9272262251577783
0.20196328991490076
0.0
0.0
-3.786475360254888
-25.27022076431366
3.08964986169671
-5.4931588755105
1.5697899213350544
-2.8653654022737767
0.2090774833107794
0.0
0.0
-3.884750060197957
-25.36563303349042
3.250240850625979
-5.277747948655464
1.5439972639442423
-2.8031065923828224
0.21636202784000175
0.0
0.0
-3.9830990514002074
-25.45339741892259
3.4103098851149642
-5.0630284958181155
1.5180347123470355
-2.740635579625368
0.2238753844550139
0.0
0.0
-4.08140297101327
-25.533794314003124
3.5696725706754084
-4.849150961409582
1.4919632742821252
-2.6781115255783354
0.23166750622114898
0.0
0.0
-4.179544554901061
-25.607062878600935
3.728150328985917
-4.636241662642393
1.4658307131189474
-2.6156695969845662
0.23978036204223627
0.0
0.0
-4.277409496586489
-25.673406682815983
3.8855699178288132
-4.424404183775586
1.4396732726671766
-2.553423370667476
0.2482484256855968
0.0
0.0
-4.37488713037615
-25.732998763856983
4.041763065987071
-4.213720715774052
1.4135172375043614
-2.4914670345986396
0.25709913712387844
0.0
0.0
-4.471870962503525
-25.78598614511097
4.196566207588684
-4.004253348524226
1.3873803384078434
-2.4298774023228242
0.26635334165605307
0.0
0.0
-4.568259071624083
-25.83249386319395
4.349820301839094
-3.796045324649633
1.3612730127932828
-2.368715756091251
0.2760257108739122
0.0
0.0
-4.66395439859689
-25.872628543883014
4.501370724615842
-3.589122255729535
1.3351995305320683
-2.3080295334668386
0.2861251482361625
0.0
0.0
-4.758864943052765
-25.90648156676066
4.6510672198042755
-3.3834933073953226
1.309158995619516
-2.247853870214149
0.296655181348689
0.0
0.0
-4.852903882630684
-25.934131853752557
4.798763899144357
-3.1791523534053705
1.2831462340194812
-2.188213011774899
0.30761434212287675
0.0
0.0
-4.945989628884801
-25.9556483154212
4.944319280398316
-2.976079101588822
1.2571525778692325
-2.1291216040638656
0.3189965356020639
0.0
0.0
-5.038045832081104
-25.971091985659857
5.087596354794868
-2.7742401929618015
1.2311665558875025
-2.070585873708679
0.3307913977044054
0.0
0.0
-5.1290013454297165
-25.98051787312655
5.22846267564344
-2.573590272780496
1.2051744992691333
-2.012604707172007
0.342984641892649
0.0
0.0
-5.218790157828079
-25.983976555957714
5.366790461084288
-2.374073036136508
1.1791610720894576
-1.9551706365835613
0.3555583946788801
0.0
0.0
-5.148178395904048
-22.622584305856904
5.671947608512175
-1.848371711477287
0.7888513060410046
-1.771231374904647
0.5668602437965166
0.0
0.0
-5.05172699177669
-19.845884266461894
5.965108697790452
-2.1761377539222577
0.49874055810085616
-1.4777164933056643
0.7070562212803623
0.0
0.0
-4.957311024600402
-17.32132286215012
6.237962073174642
-2.6605554901449144
0.2466588502343835
-1.2330932637791168
0.7617776757795327
0.0
0.0
-4.879117291749042
-14.982696535155236
6.4820037675310855
-3.2254311722256825
0.03231680281974744
-1.0340075748862914
0.7675887115578754
0.0
0.0
-4.822116436114697
-12.79319887345755
6.69450985053945
-3.836387517679455
-0.1447987119352472
-0.8740841232295552
0.745750909968776
0.0
0.0
-4.786380298339521
-10.729053983035467
6.876029892762527
-4.473414354212925
-0.28643800961873284
-0.7480192743260241
0.7079833170544112
0.0
0.0
-4.769590521877816
-8.77383904026856
7.0287433727246995
-5.124423970879973
-0.39513104572560415
-0.6513234056678947
0.6608626351400676
0.0
0.0
-4.768442690208117
-6.915433689573968
7.155514305576015
-5.781867864953727
-0.4738603739578866
-0.580115757008628
0.6082222609714303
0.0
0.0
-4.7794113154919105
-5.14433922506019
7.259360275175955
-6.440850696217971
-0.5258343223034828
-0.5309979314525878
0.552432307404816
0.0
0.0
-4.799146524625501
-3.4527478905424154
7.343166193563201
-7.09806302183497
-0.5543242332971005
-0.5009719885728946
0.49507127630210884
0.0
0.0
-4.824660478932537
-1.8340225114751254
7.409541930010994
-7.7511677869920526
-0.5625461372049707
-0.4873830199880578
0.4372719394183279
0.0
0.0
-4.853395631436214
-0.2823992658518811
7.4607638190376715
-8.3984403170396
-0.553575799494892
-0.4878756231296612
0.3798959534592131
0.0
0.0
-4.8832284114244615
1.2071889872935255
7.498764277586155
-9.038551772066436
-0.5302900922730013
-0.500358769345893
0.3236207535437067
0.0
0.0
-4.912439436150491
2.639224623217084
7.525148131200365
-9.670435402789181
-0.49532952598766655
-0.5229761984227076
0.2689831750970649
0.0
0.0
-4.939668208851273
4.0176824681426595
7.541222801979347
-10.293201909611373
-0.45107774369296777
-0.5540808169864531
0.2164029013405509
0.0
0.0
-4.963862568540116
5.346088300705041
7.548034633905934
-10.906084912987662
-0.3996543780427883
-0.5922122507842745
0.16619730821087958
0.0
0.0
-4.984228636165339
6.6275669853378005
7.5464067293036585
-11.508405572213952
-0.3429181373180986
-0.6360770315826683
0.11859316468659666
0.0
0.0
-5.00018433064817
7.864884489819778
7.536975571018755
-12.099549803183313
-0.2824774127636418
-0.6845310588149143
0.07373749112096353
0.0
0.0
-5.011317942652417
9.06048587737598
7.5202248893615256
-12.67895400570522
-0.21970610749308928
-0.736564054446526
0.03170832016539569
0.0
0.0
-5.0173523094366805
10.216530249942087
7.496515984372299
-13.246096613817691
-0.15576278147717457
-0.7912857715008851
-0.007474603642697297
0.0
0.0
-5.018114576893556
11.3349230686881
7.466114194425769
-13.80049362392804
-0.09161157455724069
-0.8479137423508524
-0.0438394195255686
0.0
0.0
-5.013511213153109
12.417346023266052
7.4292115108228405
-14.34169678109299
-0.02804370627899548
-0.9057623744501012
-0.07745232958582686
0.0
0.0
-5.003507766135146
13.465284520554023
7.38594553066343
-14.869293458952155
0.034301351071118466
-0.9642332209919225
-0.10840860666415428
0.0
0.0
-4.988112778968361
14.48005283746349
7.3364150555040855
-15.382907525197853
0.09491567411233913
-1.0228062728394112
-0.13682459880796166
0.0
0.0
-4.96736526098286
15.462816990536195
7.280692702475934
-15.88220067170944
0.15340409806270722
-1.0810321381885752
-0.16283081713644487
0.0
0.0
-4.941325133136012
16.414615394919934
7.218834916673885
-16.366873842225104
0.2094670943373294
-1.1385249939309234
-0.1865661231445018
0.0
0.0
-4.9100661122976375
17.336377408597727
7.1508897683859285
-16.836668501522883
0.2628854393071658
-1.1949562106397125
-0.20817297664464354
0.0
0.0
-4.8736705566346155
18.228939874910694
7.076902896798192
-17.291367585564657
0.31350669412055027
-1.2500485680756197
-0.2277936668051856
0.0
0.0
-4.832225857499364
19.093061791891085
6.996921929151547
-17.73079603966731
0.3612334404891945
-1.3035709920239469
-0.24556742460402078
0.0
0.0
-4.785822026373911
19.92943724397952
6.9109996664781
-18.15482090696705
0.4060131663508437
-1.355333754738639
-0.26162830288355776
0.0
0.0
-4.734550185784939
20.73870673598599
6.819196286874745
-18.563350966509507
0.44782966365133475
-1.4051840910474243
-0.2761037072697723
0.0
0.0
-4.678501726955825
21.521467068437236
6.721580779207402
-18.956335947908958
0.4866957836146842
-1.4530021901723598
-0.28911346506615954
0.0
0.0
-4.617767945295089
22.27827988956264
6.618231783697129
-19.33376536668025
0.5226473898061824
-1.4986975296037355
-0.30076932720763094
0.0
0.0
-4.552440006046985
23.009679054187053
6.509237983174819
-19.695667033770306
0.555738352188893
-1.5422055223045275
-0.31117480949669385
0.0
0.0
-4.4826091261008685
23.716176911158573
6.394698161323957
-20.042105297488142
0.5860364339268598
-1.5834844527175294
-0.3204252911375417
0.0
0.0
-4.408366887338449
24.39826963409433
6.274721018656137
-20.37317907491468
0.6136199348409104
-1.6225126797456602
-0.32860830113909884
0.0
0.0
-4.329805618124728
25.056441700392487
6.14942481826661
-20.689019728994186
0.6385749692249296
-1.6592860871356028
-0.33580393477348097
0.0
0.0
-4.247018798661014
25.691169615672667
6.01893691562175
-20.98978884015616
0.6609932705931728
-1.6938157640546367
-0.34208535343808416
0.0
0.0
-4.160101458995266
26.30292497169237
5.883393213769423
-21.275675918516242
0.6809704300873071
-1.726125898904579
-0.3475193307290626
0.0
0.0
-4.069150549286602
26.892176917861292
5.7429375747437925
-21.54689609356688
0.6986044890268436
-1.7562518719132711
-0.3521668162461171
0.0
0.0
-3.9742652697261898
27.45939411897613
5.597721209329033
-21.80368781531065
0.7139948187860238
-1.7842385315399008
-0.35608349561082386
0.0
0.0
-3.875547353046318
28.005046264415526
5.447902061385121
-22.046310591797162
0.7272412319451275
-1.810138641698132
-0.35932033126012025
0.0
0.0
-3.7731012971206876
28.529605187503357
5.293644197300626
-22.275042784761705
0.7384432789329314
-1.8340114866425554
-0.36192407327814996
0.0
0.0
-3.6670345471028694
29.033545647748486
5.1351172085865775
-22.490179480419243
0.7476996925670815
-1.855921621445491
-0.3639377335596515
0.0
0.0
-3.5574576293365494
29.51734582342571
4.9724956317989415
-22.692030445161834
0.7551079501187848
-1.8759377566876176
-0.365401019359279
0.0
0.0
-3.4444842396490682
29.981487556086414
4.805958388955256
-22.88091817814112
0.7607639286001526
-1.894131766087153
-0.366350724793183
0.0
0.0
-3.328231289700248
30.426456385524354
4.635688249859453
-23.05717606171982
0.7647616338683974
-1.9105778071785373
-0.3668210803643073
0.0
0.0
-3.2088189153773596
30.85274140746756
4.461871316585425
-23.221146618441058
0.7671929882794981
-1.9253515448313048
-0.36684406190644764
0.0
0.0
-3.086370450827167
31.260834985171535
4.2846965305261
-23.373179869135406
0.7681476647949262
-1.938529469164321
-0.3664496611803132
0.0
0.0
-2.9610123722382475
31.65123234000796
4.104355201077939
-23.513631798539127
0.7677129582329743
-1.9501882985006735
-0.3656661206381928
0.0
0.0
-2.832874214739711
32.02443104536932
3.921040555609737
-23.642862919995085
0.7659736862808608
-1.9604044603613073
-0.3645201357047393
0.0
0.0
-2.702088465900141
32.380930443747836
3.73494730969233
-23.761236942571117
0.7630121147599128
-1.969253642225334
-0.3630370272747472
0.0
0.0
-2.568790438722113
32.72123100558803
3.5462712569652304
-23.869119532916457
0.758907902526248
-1.9768104060296672
-0.36124088792374187
0.0
0.0
-2.4331181270897475
33.045833645360254
3.3552088776086877
-23.966877171427264
0.7537380629512014
-1.9831478594987164
-0.359154704608203
0.0
0.0
-2.2952120459893943
33.355239009086574
3.161956964842221
-24.054876095905712
0.7475769390216715
-1.9883373790571002
-0.35680046089973383
0.0
0.0
-2.1552150588650303
33.649946744862795
2.966712268569503
-24.13348133109898
0.740496190322023
-1.992448378444836
-0.3541992212371918
0.0
0.0
-2.0132721941054084
33.930454767109964
2.7696711555824347
-24.20305579854793
0.7325647900560072
-1.995548118803934
-0.35137119992392885
0.0
0.0
-1.8695304523596428
34.197258523200084
2.571029285765243
-24.263959502062246
0.7238490309880075
-1.9977015553255506
-0.3483358168572438
0.0
0.0
-1.7241386064884467
34.45085027027559
2.3709813035814746
-24.316548786797142
0.7144125391511041
-1.9989712166041047
-0.3451117421206748
0.0
0.0
-1.5772469953838812
34.69171836825325
2.1697205445839716
-24.361175665419488
0.70431629454206
-1.9994171131134195
-0.3417169313299476
0.0
0.0
-1.4290073131360772
34.920346594973076
1.9674387562722744
-24.398187208967375
0.6936186580501967
-1.9990966713380263
-0.3381686531556588
0.0
0.0
-1.2795723945815196
35.137213487129166
1.7643258330763323
-24.427924998888848
0.682375403937328
-1.998064690617517
-0.33448351052837966
0.0
0.0
-1.1290959984150923
35.3427917112957
1.5605695648983242
-24.450724635179693
0.6706397574024638
-1.9963733200548828
-0.3306774567925155
0.0
0.0
-0.9777325887023443
35.537547467374566
1.3563553990324984
-24.466915298607155
0.6584624366673257
-1.9940720528578713
-0.32676580772195424
0.0
0.0
-0.8256371157541599
35.72193992677752
1.1518662149950054
-24.476819363765216
0.6458916990838648
-1.991207736049297
-0.3227632505087493
0.0
0.0
-0.6729647970982876
35.89642070715102
0.9472821120237636
-24.480752058347694
0.6329733909420638
-1.987824593598449
-0.31868385035771796
0.0
0.0
-0.5198708993295973
36.06143338439576
0.742780208847674
-24.47902116752651
0.6197510004335046
-1.9839642609721135
-0.3145410554390564
0.0
0.0
-0.36651052137648604
36.2174130430404
0.5385344555879774
-24.47192677989499
0.6062657134913862
-1.9796658296923202
-0.3103477006521312
0.0
0.0
-0.21303837997352937
36.36478586477964
0.3347154572568275
-24.459761071750982
0.5925564720708549
-1.974965900439818
-0.30611601092596524
0.0
0.0
-0.059608597661209906
36.503968755764454
0.13149030885490431
-24.442808128284444
0.5786600345731319
-1.9698986432836172
-0.30185760402629036
0.0
0.0
0.09362550594640243
36.63536901157544
-0.0709775585273282
-24.421343798579393
0.5646110380109971
-1.9644958640597487
-0.29758349360327385
0.0
0.0
0.24651161940144206
36.759384020066044
-0.2725285205775887
-24.395635582439684
0.5504420616898543
-1.9587870757032844
-0.29330409251019773
0.0
0.0
0.3988986405270723
36.87640100062325
-0.47300689217923464
-24.365942546780275
0.536183691996618
-1.9527995737561223
-0.2890292165673154
0.0
0.0
0.5506368732015663
36.98679677951643
-0.6722610493981
-24.33251526913982
0.5218645881275541
-1.9465585151297453
-0.2847680890840838
0.0
0.0
0.7015782193416309
37.0909375996655
-0.8701435414734457
-24.2955958082763
0.5075115483821193
-1.940086999344313
-0.2805293460517097
0.0
0.0
0.8515763658014136
37.18917896430043
-1.0665111931006968
-24.255417696484784
0.49314957679663346
-1.9334061518510233
-0.27632104230823334
0.0
0.0
1.0004869659774878
37.281865512535596
-1.2612251971515873
-24.21220595566404
0.4788019500021981
-1.9265352084663203
-0.272150658476071
0.0
0.0
1.1481678157454056
37.36933092611015
-1.4541511982031592
-24.166177132963945
0.46449028381039614
-1.9194916007768372
-0.26802510890933523
0.0
0.0
1.294479023573479
37.45189786542543
-1.6451593672563503
-24.11753935533568
0.4502345996936656
-1.9122910417663435
-0.2639507505443775
0.0
0.0
1.4392831746551913
37.52987793385938
-1.834124467577303
-24.066492401454468
0.436053390601134
-1.9049476114657693
-0.25993339263510573
0.0
0.0
1.582445488727851
37.603571668537505
-2.0209259123980634
-24.013227789691776
0.4219636862168229
-1.8974738421523911
-0.2559783073744623
0.0
0.0
1.7238339716275304
37.673268556306034
-2.2054478143148835
-23.95792887995263
0.4079811173291059
-1.8898808028930314
-0.252090241422861
0.0
0.0
1.8633195602706858
37.73924707340722
-2.3875790269641435
-23.900770989324457
0.3941199792869727
-1.8821781829592918
-0.24827342809417888
0.0
0.0
2.000776261075537
37.80177474730493
-2.5672131790402006
-23.841921519644476
0.38039329431166136
-1.8743743741057965
-0.2445316004246532
0.0
0.0
2.1360812816526527
37.86110823948584
-2.7442487010688152
-23.781540095246527
0.3668128726232888
-1.8664765513725583
-0.2408680048260756
0.0
0.0
2.2691151557697458
37.91749344726891
-2.9185888450370294
-23.719778711275463
0.3533893722397969
-1.8584907522464043
-0.23728541536292255
0.0
0.0
2.39976186143779
37.97116562401871
-3.0901416973166773
-23.65678188968017
0.3401323573934456
-1.8504219540495674
-0.23378614863104358
0.0
0.0
2.5279089321937795
38.022349515674236
-3.258820184974319
-23.59268684367651
0.3270503554437061
-1.8422741493540336
-0.23037207901801166
0.0
0.0
2.653447561463262
38.0712595127241
-3.424542075812512
-23.52762364813017
0.3141509122428762
-1.8340504194749843
-0.22704465445799818
0.0
0.0
2.776272700096364
38.11809981625397
-3.587229972334465
-23.46171541644297
0.3014406459405339
-1.8257530056787752
-0.2238049124693045
0.0
0.0
2.896283146939217
38.16306461656041
-3.7468112999484156
-23.395078481330184
0.2889252991098554
-1.8173833783974556
-0.2206534965648021
0.0
0.0
3.013381632672957
38.206338283726154
-3.903218289552074
-23.327822581057674
0.2766097891965441
-1.80894230391649
-0.2175906726656913
0.0
0.0
3.1274748967505985
38.2480955683306
-4.056387954762114
-23.260051047825783
0.26449825729972753
-1.8004299090082332
-0.2146163459710241
0.0
0.0
3.2384737575520512
38.28850181184039
-4.206262064147381
-23.19186099905202
0.25259411517429714
-1.7918457430572357
-0.21173007759537932
0.0
0.0
3.3462931759846186
38.32771316485539
-4.352787108393447
-23.123343531797612
0.24090009059537507
-1.7831888377934684
-0.20893110148236427
0.0
0.0
3.4508523122093253
38.36587681325668
-4.495914262993723
-23.05458391623018
0.22941827090034006
-1.774457764856602
-0.20621834118868668
0.0
0.0
3.552074576012504
38.403131210179666
-4.63559934635653
-22.985661792537087
0.2181501448772618
-1.7656506906203506
-0.20359042657018028
0.0
0.0
3.6498876706184484
38.43960631365314
-4.771802773723812
-22.916651365720877
0.20709664291268057
-1.7567654289805237
-0.2010457104653355
0.0
0.0
3.7442236300822604
38.47542382883448
-4.904489507102328
-22.84762160178025
0.19625817543433102
-1.7477994915346895
-0.19858228505159517
0.0
0.0
3.835018850515579
38.51069745395712
-5.0336290012854015
-22.778636421926002
0.18563466971349502
-1.738750135472185
-0.19619799819282885
0.0
0.0
3.9222141150664345
38.545533129074336
-5.159195146312442
-22.709754896654374
0.17522560501177087
-1.7296144091599162
-0.1938904693554372
0.0
0.0
4.0057546129003265
38.58002928731604
-5.281166206454802
-22.64103143728537
0.16503004608281416
-1.720389195381045
-0.19165710538915584
0.0
0.0
4.085589952180719
38.61427710751272
-5.39952475603416
-22.572515986243577
0.15504667509798728
-1.7110712523092084
-0.18949511592960586
0.0
0.0
4.16167416741136
38.64836076777846
-5.514257612041132
-22.504254204249406
0.14527382208427175
-1.7016572522622502
-0.18740152852311406
0.0
0.0
4.233965720947343
38.68235769920937
-5.6253557640135075
-22.436287656243522
0.13570949377988858
-1.6921438182077382
-0.18537320332680912
0.0
0.0
4.302427499078552
38.71633883959342
-5.7328143011555
-22.368653992261642
0.12635140101815723
-1.6825275582485635
-0.18340684752367917
0.0
0.0
4.367026802684808
38.75036888597084
-5.836632336947315
-22.301387127719597
0.11719698477812056
-1.6728050977912643
-0.18149902922464425
0.0
0.0
4.427735332752132
38.78450654608877
-5.936812931291594
-22.234517417974196
0.108243440741879
-1.6629731099340557
-0.1796461911120849
0.0
0.0
4.484529170596409
38.81880478792466
-6.033363010703353
-22.168071831000578
0.09948774257269852
-1.6530283435629836
-0.17784466349584838
0.0
0.0
4.537388753417126
38.85331108706583
-6.12629328612112
-22.102074115138013
0.0909266638983279
-1.6429676497843977
-0.17609067709111967
0.0
0.0
4.586298844777231
38.88806767144488
-6.215618169202332
-22.036544963766595
0.08255679903297031
-1.6327880062007674
-0.17438037521248279
0.0
0.0
4.631248500722896
38.9231117629762
-6.301355686535649
-21.97150217529403
0.07437458250624313
-1.6224865395986972
-0.1727098256615454
0.0
0.0
4.672231031161189
38.95847581611569
-6.38352739257882
-21.906960809121767
0.06637630741165992
-1.6120605466489308
-0.17107503203070243
0.0
0.0
4.709243957171268
38.99418775239772
-6.462158280894069
-21.842933337860817
0.05855814270711908
-1.601507512996522
-0.16947194466292725
0.0
0.0
4.742288963897739
39.03027119140819
-6.537276694292176
-21.77942979427195
0.05091614933940247
-1.5908251307115011
-0.1678964710877308
0.0
0.0
4.771371849683297
39.06674567745931
-6.608914233611212
-21.716457914302616
0.043446295498037635
-1.5800113140422491
-0.1663444860551149
0.0
0.0
4.796502471126916
39.10362690147048
-6.677105665646946
-21.654023276012563
0.03614447072876345
-1.5690642136754316
-0.16481184106196659
0.0
0.0
4.817694684643914
39.14092691901786
-6.741888829997805
-21.59212943302303
0.02900649921782207
-1.5579822295442503
-0.16329437354627538
0.0
0.0
4.834966284260364
39.17865436272151
-6.803304545315853
-21.53077804436382
0.022028152175360333
-1.5467640220955419
-0.1617879154666047
0.0
0.0
4.848338936381911
39.21681465012218
-6.861396514588673
-21.469968999132536
0.015205159284208604
-1.5354085223639302
-0.16028830165880611
0.0
0.0
4.857838110908576
39.25541018627161
-6.91621123025711
-21.409700537517875
0.008533219435633968
-1.5239149404465715
-0.15879137756886602
0.0
0.0
4.863493009627548
39.294440561228654
-6.967797878554038
-21.34996936586751
0.002008010599632362
-1.5122827731256163
-0.1572930067824164
0.0
0.0
4.86533649153706
39.333902741792514
-7.016208243675664
-21.290770768811942
-0.004374800973435927
-1.500511809838266
-0.15578907790033433
0.0
0.0
4.86340499544148
39.37379125820501
-7.061496611679098
-21.232098715859784
-0.010619552311397745
-1.4886021378733871
-0.1542755112592646
0.0
0.0
4.857738459899844
39.41409838505175
-7.103719674283419
-21.17394596421366
-0.016730575922887153
-1.4765541461976297
-0.15274826513102457
0.0
0.0
4.848380240813849
39.45481431652137
-7.142936432561372
-21.116304156888766
-0.022712192657465297
-1.464368528440974
-0.15120334152579742
0.0
0.0
4.835377026578665
39.49592733615609
-7.179208100770506
-21.05916391667447
-0.028568705129552605
-1.4520462847776332
-0.14963679178860376
0.0
0.0
4.818778751175734
39.5374239809304
-7.21259801028317
-21.002514935905186
-0.03430439179351262
-1.4395887228649173
-0.14804472164325352
0.0
0.0
4.7986385051482
39.57928919924811
-7.243171513789069
-20.946346061916177
-0.03992350148731983
-1.4269974579947544
-0.14642329604538032
0.0
0.0
4.775012444796858
39.621506503775244
-7.270995889761743
-20.89064537861519
-0.045430248547620976
-1.4142744122559918
-0.14476874367367715
0.0
0.0
4.7479596995462785
39.66405811800813
-7.29614024737492
-20.83540028417168
-0.0508288084192506
-1.4014218130374818
-0.14307736103608612
0.0
0.0
4.717542277750636
39.70692511755072
-7.318675431876044
-20.78059756410822
-0.05612331365974744
-1.3884421906867235
-0.14134551641025564
0.0
0.0
4.683824971055466
39.75008756531028
-7.338673930463474
-20.726223461642366
-0.06131785051818501
-1.3753383755363329
-0.1395696533187321
0.0
0.0
4.6468752572953145
39.79352464146976
-7.35620977890796
-20.67226374328379
-0.0664164557949578
-1.3621134942037658
-0.13774629392293447
0.0
0.0
4.606763202442697
39.83721476728406
-7.371358468599005
-20.61870376157094
-0.07142311418749131
-1.3487709653243536
-0.13587204196619362
0.0
0.0
4.563561361140074
39.88113572391091
-7.384196854689822
-20.565528513969973
-0.07634175600360785
-1.3353144946812738
-0.13394358556792496
0.0
0.0
4.517344676588245
39.92526476520169
-7.394803064676831
-20.512722697827105
-0.08117625516763052
-1.3217480698433626
-0.1319576998091766
0.0
0.0
4.468190379382697
39.96957872530074
-7.403256408155648
-20.460270763263168
-0.08593042765932618
-1.308075954188458
-0.12991124890612246
0.0
0.0
4.416177885772
40.01405412075662
-7.409637287245205
-20.408156961583984
-0.09060803016247534
-1.294302680639773
-0.12780118844044977
0.0
0.0
4.3613886952218115
40.05866724744091
-7.414027108169421
-20.35636539110746
-0.09521275914983555
-1.2804330448024133
-0.12562456705189215
0.0
0.0
4.303906287613148
40.103394272056924
-7.416508193650664
-20.304880040130755
-0.09974825005919105
-1.2664720978441268
-0.1233785282777819
0.0
0.0
4.2438160198966655
40.14821131850365
-7.417163696615151
-20.25368482664969
-0.10421807695416424
-1.2524251389514915
-0.12106031188101633
0.0
0.0
4.181205022671045
40.193094549416855
-7.4160775147406754
-20.202763635315016
-0.10862575225396962
-1.2382977074393886
-0.1186672552508251
0.0
0.0
4.116162096503039
40.238020242413086
-7.4133342062753655
-20.152100352125565
-0.112974726814051
-1.2240955746531714
-0.11619679444171038
0.0
0.0
4.048777608126041
40.282964861739885
-7.4090189071033015
-20.101678895699155
-0.11726839013627803
-1.209824735524463
-0.11364646523475802
0.0
0.0
3.979143386894074
40.327905124949716
-7.403217248791612
-20.05148324701576
-0.12151007089629787
-1.195491399918465
-0.11101390382725933
0.0
0.0
3.9073526211028877
40.37281806504652
-7.396015278164058
-20.001497475723944
-0.12570303753710588
-1.1811019838180008
-0.10829684764060575
0.0
0.0
3.8334997548009353
40.41768108801096
-7.38749937788978
-19.95170576539878
-0.12985049914368146
-1.1666631002224646
-0.10549313570362338
0.0
0.0
3.7576803847438094
40.462472026013394
-7.377756188559682
-19.90209243527077
-0.13395560644864687
-1.152181550010598
-0.10260070916181979
0.0
0.0
3.6799911578444426
40.50716918604858
-7.366872531994967
-19.85264196092459
-0.1380214529627533
-1.1376643125894748
-0.0996176115180106
0.0
0.0
3.600529669140397
40.551751394650466
-7.3549353358941305
-19.803338992395048
-0.14205107628905003
-1.1231185364571932
-0.09654198879565697
0.0
0.0
3.5193943602630293
40.59619803833816
-7.342031559937722
-19.754168370707767
-0.14604745958177284
-1.1085515296883912
-0.09337208955329449
0.0
0.0
3.4366844186791785
40.64048910000441
-7.328248123147362
-19.705115142405845
-0.15001353305302625
-1.0939707503583085
-0.09010626495529925
0.0
0.0
3.3524996775610396
40.68460519191631
-7.313671832791361
-19.656164572404393
-0.15395217568081568
-1.0793837968743025
-0.08674296847547291
0.0
0.0
3.2669405165648655
40.72852758423797
-7.29838931459326
-19.60730215543672
-0.15786621694355502
-1.0647983983650124
-0.0832807557833361
0.0
0.0
3.1801077634378894
40.77223823081906
-7.282486944439152
-19.55851362550399
-0.1617584386915805
-1.0502224049548874
-0.07971828435502433
0.0
0.0
3.0921025966156592
40.81571979056886
-7.266050781505145
-19.509784964533054
-0.16563157706080037
-1.0356637781679805
-0.07605431311664097
0.0
0.0
3.0030264488452514
40.85895564645508
-7.249166502824386
-19.461102409089225
-0.16948832449084952
-1.0211305812057025
-0.07228770190969658
0.0
0.0
2.912980911810355
40.90192992047579
-7.231919339399588
-19.412452456088502
-0.1733313317705125
-1.00663096944115
-0.06841741100071641
0.0
0.0
2.822067642080483
40.94462748589558
-7.214394013628663
-19.363821867391753
-0.17716321017119782
-0.992173180807762
-0.06444250042286798
0.0
0.0
2.730388268109938
40.98703397656142
-7.196674678341301
-19.31519767303162
-0.18098653357748937
-0.9777655263370255
-0.060362129304170696
0.0
0.0
2.6380442985212644
41.02913579312125
-7.178844857315468
-19.266567173739393
-0.1848038406801583
-0.9634163807793378
-0.056175555128367395
0.0
0.0
2.545137031841382
41.07092010686336
-7.1609873871255045
-19.21791794199934
-0.18861763722386393
-0.9491341732811107
-0.05188213289758145
0.0
0.0
2.45176746740917
41.112374860374175
-7.143184360677455
-19.169237822885815
-0.19243039816330704
-0.9349273781819537
-0.04748131435988398
0.0
0.0
2.358036217899919
41.15348876648605
-7.125517072045369
-19.120514933508318
-0.19624456996870812
-0.9208045059268397
-0.042972646976452214
0.0
0.0
2.2640434231470996
41.19425130429296
-7.108065962944395
-19.071737661994742
-0.20006257282808718
-0.9067740940855104
-0.03835577306829003
0.0
0.0
2.1698886655970067
41.23465271301647
-7.090910570569779
-19.022894665552297
-0.20388680288291833
-0.8928446985415132
-0.03363042875808783
0.0
0.0
2.0756708872679708
41.2746839840926
-7.0741294769695156
-18.97397486827924
-0.20771963444203637
-0.8790248847729707
-0.028796442943804214
0.0
0.0
1.9814883082956916
41.31433685083947
-7.057800259896936
-18.92496745784458
-0.211563422169893
-0.8653232192994891
-0.023853736169288903
0.0
0.0
1.8874383471553462
41.35360377645823
-7.041999445111004
-18.875861882499656
-0.21542050325933806
-0.8517482613029034
-0.0188023195371285
0.0
0.0
1.7936175424854026
41.392477940338225
-7.026802460173873
-18.82664784650027
-0.21929319955380266
-0.8383085543734256
-0.01364229350809022
0.0
0.0
1.7001214767108683
41.430953222580285
-7.012283589647334
-18.777315306297254
-0.22318381963275324
-0.8250126184587835
-0.008373846685129558
0.0
0.0
1.607044701247481
41.469024187128994
-6.998515931897395
-18.727854465214374
-0.22709466083169083
-0.8118689419448392
-0.0029972546042697397
0.0
0.0
1.514480663709597
41.50668606316329
-6.985571357089591
-18.678255769124853
-0.23102801125341113
-0.7988859739473905
0.0024871215776059684
0.0
0.0
1.4225216365931737
41.54393472578242
-6.97352046696824
-18.628509900602786
-0.23498615165912104
-0.7860721167305881
0.008078836389343223
0.0
0.0
1.3312586481307498
41.580766674873885
-6.962432555686576
-18.578607773606322
-0.2389713573406006
-0.7734357184261363
0.013777361361012899
0.0
0.0
1.2407814146479157
41.61717901308255
-6.952375572449194
-18.52854052796613
-0.2429858998844902
-0.7609850657794308
0.019582086420721477
0.0
0.0
1.1511782750778936
41.6531694231719
-6.943416085244498
-18.478299523257856
-0.2470320488922142
-0.7487283771854316
0.02549232128196781
0.0
0.0
1.0625361271168292
41.68873614377321
-6.935619246240932
-18.427876333103555
-0.25111207361047205
-0.7366737959399807
0.03150729688944848
0.0
0.0
0.9749403655067437
41.723877945024036
-6.92904875836519
-18.37726273925157
-0.2552282444251141
-0.7248293835581551
0.03762616682672225
0.0
0.0
0.8884748220018727
41.75859410310192
-6.923766843524346
-18.326450725264255
-0.2593828343887933
-0.7132031134440795
0.04384800885556699
0.0
0.0
0.8032217075187749
41.79288437421202
-6.919834211923438
-18.275432470943795
-0.2635781204699696
-0.701802864630199
0.05017182633922234
0.0
0.0
0.7192615560189609
41.82674896828476
-6.917310033026014
-18.224200345874067
-0.26781638490434284
-0.6906364157925242
0.0565965498714456
0.0
0.0
0.6366731705161431
41.860188521947045
-6.916251907674504
-18.17274690399387
-0.2720999162970738
-0.6797114393844454
0.0631210387062024
0.0
0.0
0.5555335709403233
41.89320407129812
-6.916715841691471
-18.12106487732096
-0.27643101069338144
-0.6690354961137195
0.06974408240196474
0.0
0.0
0.47591794405363086
41.925797024595624
-6.918756220791907
-18.06914717067854
-0.2808119724980571
-0.6586160293564778
0.07646440241190193
0.0
0.0
0.3978995953403456
41.95796913436239
-6.922425786759464
-18.016986855406035
-0.2852451153599812
-0.6484603601239927
0.08328065360513798
0.0
0.0
0.3215499028761245
41.98972246985281
-6.9277756150809955
-17.964577164761845
-0.2897327628348762
-0.6385756818310155
0.09019142601208001
0.0
0.0
0.24693827319587294
42.02105938904907
-6.934855093778587
-17.9119114879929
-0.2942772490531501
-0.6289690555928109
0.09719524635621019
0.0
0.0
0.17413209921242218
42.05198251125068
-6.943711903588119
-17.85898336522066
-0.298880919186181
-0.6196474055445718
0.10429057976680421
0.0
0.0
0.10319672006564731
42.082494689039216
-6.954391999458881
-17.805786483110314
-0.30354612983663276
-0.6106175143345424
0.11147583145388922
0.0
0.0
0.03419538306456045
42.11259898144236
-6.966939593267653
-17.752314669209923
-0.30827524931655426
-0.6018860189048882
0.11874934833811299
0.0
0.0
-0.03281079244058437
42.142298626064765
-6.981397137890236
-17.698561888601702
-0.31307065778673576
-0.5934594063919701
0.12610942084180513
0.0
0.0
-0.09776284912394212
42.17159701291331
-6.997805312452135
-17.64452223839688
-0.31793474728225474
-0.5853440102392092
0.13355428446045164
0.0
0.0
-0.16060402377789637
42.2004976573477
-7.016203008902652
-17.590189944639302
-0.32286992167095263
-0.5775460065041134
0.14108212166007744
0.0
0.0
-0.22127977739326854
42.22900417439527
-7.036627319782329
-17.535559358186003
-0.3278785964110361
-0.5700714102612108
0.14869106342668756
0.0
0.0
-0.2797378232509257
42.25712025300751
-7.0591135272529115
-17.48062495093626
-0.3329631982776081
-0.5629260723481037
0.15637919113273924
0.0
0.0
-0.3359281529925445
42.284849630884544
-7.08369509330453
-17.425381312994652
-0.33812616491121317
-0.5561156761177548
0.16414453823579853
0.0
0.0
-0.38980306078276855
42.31219607018599
-7.110403651246186
-17.369823149255573
-0.34336994428962353
-0.5496457344876975
0.17198509200731268
0.0
0.0
-0.44131716540837274
42.33916333340972
-7.139268998336981
-17.313945276808962
-0.3486969941043622
-0.5435215870850719
0.1798987953350314
0.0
0.0
-0.4904274304622644
42.365755160387266
-7.17031908961582
-17.2577426223114
-0.3541097809732728
-0.537748397614318
0.18788354846173286
0.0
0.0
-0.5370931825595883
42.39197524552178
-7.2035800329450455
-17.20121021994439
-0.35961077960027865
-0.5323311513292988
0.1959372107652241
0.0
0.0
-0.5812761276035506
42.41782721599397
-7.239076085186547
-17.144343209131737
-0.3652024717965691
-0.5272746527521752
0.204057602474568
0.0
0.0
-0.6229403651164824
42.44331461085773
-7.276829649543879
-17.087136833020207
-0.370887345440281
-0.5225835235103731
0.212242506521232
0.0
0.0
-0.6620524006700506
42.46844086051324
-7.316861274135102
-17.02958643687104
-0.37666789329796324
-0.5182622002810361
0.22048967024556274
0.0
0.0
-0.6985811563274344
42.493209267371434
-7.359189651498883
-16.971687466884703
-0.3825466117761129
-0.5143149330045798
0.22879680715602585
0.0
0.0
-0.7324979793062285
42.517622987189995
-7.403831619492274
-16.913435469143153
-0.3885259995520276
-0.5107457831522728
0.237161598766863
0.0
0.0
-0.7637766486916788
42.54168501120596
-7.450802163146791
-16.854826088927254
-0.3946085562007815
-0.5075586221959052
0.24558169625082832
0.0
0.0
-0.7923933802068438
42.56539814935236
-7.5001144175712025
-16.795855070130834
-0.4007967806212277
-0.5047571302247104
0.2540547223020111
0.0
0.0
-0.8183268293657271
42.58876501407812
-7.551779672236939
-16.73651825502041
-0.4070931694522637
-0.5023447946634949
0.2625782728021737
0.0
0.0
-0.841558092486633
42.61178800528719
-7.605807375951765
-16.676811584240674
-0.4135002154370422
-0.5003249092217394
0.2711499186024502
0.0
0.0
-0.8620707061379572
42.63446929626266
-7.662205143239689
-16.61673109655463
-0.4200204056669585
-0.49870057287340286
0.27976720725760706
0.0
0.0
-0.8798506446545316
42.6568108200822
-7.720978761653064
-16.556272929897048
-0.426656219773094
-0.49747468907086423
0.2884276647460128
0.0
0.0
-0.8948863159406268
42.678814257543394
-7.782132200124142
-16.49543332105872
-0.4334101280576348
-0.49664996505809034
0.297128797150956
0.0
0.0
-0.9071685554134574
42.700481025546125
-7.845667618365955
-16.434208607240087
-0.4402845896164137
-0.49622891126796564
0.3058680924440644
0.0
0.0
-0.9166906183560415
42.72181226676586
-7.911585377388827
-16.372595226274647
-0.44728205033295826
-0.4962138409612701
0.3146430220754817
0.0
0.0
-0.9234481704116574
42.74280883993863
-7.979884050906589
-16.310589718056566
-0.4544049408623462
-0.4966068699155849
0.3234510427284624
0.0
0.0
-0.9274392764369831
42.76347131126946
-8.050560437848176
-16.248188725779343
-0.4616556746237482
-0.4974099162291743
0.33228959793466295
0.0
0.0
-0.9286643876900071
42.78379994682467
-8.123609575834116
-16.185388997001606
-0.46903664565145164
-0.4986247003240615
0.34115611973862764
0.0
0.0
-0.9271263273376597
42.803794705721444
-8.199024755625413
-16.122187385428372
-0.4765502265458159
-0.5002527450095198
0.3500480303342123
0.0
0.0
-0.9228302743279716
42.823455234118065
-8.276797536586795
-16.058580852565594
-0.48419876627021474
-0.5022953756825019
0.3589627436479245
0.0
0.0
-0.9157837456644822
42.84278086052119
-8.356917763024294
-15.994566469133414
-0.4919845880347831
-0.5047537206962366
0.3678976669376176
0.0
0.0
-0.9059965771010635
42.86177059142841
-8.43937358160557
-15.930141417128059
-0.4999099871120683
-0.5076287117554837
0.3768502023830607
0.0
0.0
-0.8934809022333335
42.880423108425454
-8.524151459566323
-15.865302991947678
-0.5079772286568158
-0.5109210844835177
0.3858177486523807
0.0
0.0
-0.8782511301124845
42.89873676556644
-8.611236203941694
-15.800048603975753
-0.5161885455181061
-0.5146313791599324
0.39479770232055755
0.0
0.0
-0.8603239212893115
42.91670958814216
-8.700610981659494
-15.73437578089012
-0.5245461360759827
-0.5187599414662225
0.40378745953295403
0.0
0.0
-0.8397181624075938
42.9343392718613
-8.792257340556782
-15.6682821699888
-0.5330521620531657
-0.5233069233708884
0.4127844173691155
0.0
0.0
-0.8164549393202244
42.95162318318665
-8.886155231240858
-15.601765539881766
-0.5417087463974553
-0.5282722842177945
0.42178597536059476
0.0
0.0
-0.790557508757361
42.968558360069615
-8.982283029826737
-15.534823783218147
-0.5505179710692004
-0.5336557917684126
0.43078953685869253
0.0
0.0
-0.7620512686377572
42.985141513834876
-9.080617561557464
-15.467454918730493
-0.5594818750164237
-0.53945702355172
0.43979251053915847
0.0
0.0
-0.7309637269137798
43.00136903154414
-9.18113412522292
-15.399657093515623
-0.5686024520183379
-0.5456753680972459
0.4487923116568471
0.0
0.0
-0.6973244691492764
43.01723697947446
-9.283806518404324
-15.331428585177196
-0.5778816486879216
-0.5523100264544405
0.45778636352677277
0.0
0.0
-0.6611651247066407
43.032741106410676
-9.388607063533874
-15.26276780437594
-0.5873213624083122
-0.5593600137567392
0.466772098711762
0.0
0.0
-0.6225193316795999
43.047876848854294
-9.49550663475337
-15.193673296966619
-0.5969234394042334
-0.5668241608526005
0.47574696040596504
0.0
0.0
-0.5814227005350557
43.06263933596427
-9.604474685542758
-15.124143746079502
-0.6066896728172775
-0.5747011161103041
0.484708403686394
0.0
0.0
-0.5379127765111155
43.07702339522897
-9.715479277044032
-15.054177974651974
-0.6166218007950114
-0.5829893472847825
0.49365389669078275
0.0
0.0
-0.49202900082892415
43.09102355921327
-9.828487107246186
-14.983774947371728
-0.6267215047385816
-0.5916871434885964
0.5025809218616231
0.0
0.0
-0.4438126707084773
43.10463407238791
-9.943463540791688
-14.912933772703893
-0.6369904074964347
-0.6007926172895652
0.51148697710178
0.0
0.0
-0.3933068982267529
43.11784889860199
-10.060372639508854
-14.841653705406856
-0.6474300717138719
-0.6103037068892871
0.5203695768915931
0.0
0.0
-0.3405565680743806
43.1306617293089
-10.179177193670414
-14.769934147971354
-0.6580419981947483
-0.6202181784180393
0.5292262534145649
0.0
0.0
-0.2856082942405359
43.14306599198099
-10.299838753901444
-14.697774652944998
-0.6688276243500353
-0.6305336282941252
0.5380545575905249
0.0
0.0
-0.2285103755684699
43.15505485903059
-10.422317663684531
-14.62517492471144
-0.6797883227494758
-0.6412474857588708
0.5468520601367329
0.0
0.0
-0.1693127504001879
43.16662125745704
-10.54657309261179
-14.55213482094939
-0.6909253996881635
-0.6523570154421714
0.5556163525219597
0.0
0.0
-0.10806695011062754
43.17775787821132
-10.672563070132107
-14.478654355061805
-0.7022400939057232
-0.6638593200294465
0.5643450479728443
0.0
0.0
-0.04482605178856669
43.188457186882175
-10.800244519971237
-14.404733696709307
-0.7137335753404408
-0.6757513430765133
0.5730357823478436
0.0
0.0
0.020355370099349797
43.198711433737884
-10.929573295097182
-14.33037317432808
-0.7254069440070786
-0.6880298719002229
0.5816862150702727
0.0
0.0
0.08742129285611212
43.208512664851234
-11.060504213248691
-14.255573275600115
-0.7372612289074321
-0.7006915405237208
0.5902940299140891
0.0
0.0
0.15631429565614824
43.21785273287392
-11.192991092956067
-14.18033464950775
-0.74929738710739
-0.7137328327928143
0.5988569358681983
0.0
0.0
0.2269756103499367
43.226723308652105
-11.32698679017483
-14.104658106817794
-0.7615163028366766
-0.7271500855367664
0.607372667873889
0.0
0.0
0.2993451731917245
43.2351158925257
-11.462443235281516
-14.028544621515985
-0.7739187867404724
-0.7409394918288394
0.6158389875626153
0.0
0.0
0.3733616772197902
43.243021826307626
-11.599311470681888
-13.951995331510044
-0.7865055751966687
-0.7550971043556116
0.6242536839448831
0.0
0.0
0.44896262542618587
43.250432304767635
-11.737541688726452
-13.875011539485985
-0.7992773297255309
-0.7696188389056297
0.6326145740642881
0.0
0.0
0.5260843845692574
43.25733838822367
-11.877083270173582
-13.797594713431756
-0.8122346365289824
-0.7845004778577483
0.6409195036055605
0.0
0.0
0.6046622396623965
43.263731014151574
-12.01788482300103
-13.719746487205288
-0.8253780061020998
-0.7997376738925681
0.6491663474374112
0.0
0.0
0.6846304490721189
43.26960100965471
-12.15989422162148
-13.64146866101769
-0.8387078729602117
-0.8153259536719484
0.657353010204582
0.0
0.0
0.7659223001986172
43.27493910379862
-12.303058646419512
-13.562763201333746
-0.8522245954732771
-0.8312607217124681
0.6654774267173217
0.0
0.0
0.848470165686104
43.2797359396028
-12.447324623721599
-13.483632241320665
-0.865928455772895
-0.8475372642429485
0.6735375624784485
0.0
0.0
0.9322055601491449
43.28398208678403
-12.59263806597203
-13.404078080454255
-0.8798196598027646
-0.8641507532491751
0.6815314140246955
0.0
0.0
1.0170591973826717
43.287668053611846
-12.73894431229906
-13.324103184557503
-0.8938983374396825
-0.881096250541032
0.68945700932133
0.0
0.0
1.102961047968297
43.29078429937816
-12.886188169275144
-13.243710185427867
-0.9081645427486864
-0.8983687119211108
0.6973124080419458
0.0
0.0
1.1898403973181786
43.29332124660712
-13.034313951994939
-13.162901880181666
-0.9226182542781723
-0.9159629914413866
0.7050957018501418
0.0
0.0
1.2776259040103053
43.29526929289482
-13.183265525343497
-13.08168123071717
-0.9372593755570868
-0.9338738457368451
0.7128050146148763
0.0
0.0
1.3662456585596336
43.29661882329674
-13.332986345413909
-13.000051362991682
-0.9520877355837296
-0.9520959384436177
0.7204385026048172
0.0
0.0
1.4556272423110066
43.29736022173158
-13.483419501251882
-12.918015565913455
-0.967103089495791
-0.9706238446853991
0.7279943545875369
0.0
0.0
1.5456977867200419
43.297483883021364
-13.634507756583297
-12.83557729055122
-0.9823051192901125
-0.9894520556308805
0.7354707919538875
0.0
0.0
1.6363840327437023
43.29698022416106
-13.786193591774905
-12.752740148693311
-0.9976934346793911
-1.008574983149989
0.7428660687206944
0.0
0.0
1.727612390444279
43.29583969606448
-13.938419245857473
-12.669507911434893
-1.013267574000257
-1.0279869645352324
0.7501784715565145
0.0
0.0
1.8193089986789994
43.29405279413675
-14.091126758704213
-12.585884507911963
-1.029027005257563
-1.0476822672391919
0.7574063196916551
0.0
0.0
1.9113997849192848
43.29161006987663
-14.244258013111027
-12.50187402337454
-1.0449711272491315
-1.067655093781934
0.7645479648594129
0.0
0.0
2.0038105250847593
43.28850214102528
-14.397754777104064
-12.417480697783127
-1.0610992707423825
-1.0878995865919416
0.7716017910988235
0.0
0.0
2.0964669033923924
43.28471970220173
-14.551558746105627
-12.332708923526308
-1.0774106998238342
-1.1084098330430638
0.7785662146262461
0.0
0.0
2.1892945721732726
43.280253535436216
-14.705611585133047
-12.247563243316982
-1.0939046132480639
-1.1291798704602896
0.7854396834952581
0.0
0.0
2.282219211612826
43.27509451955982
-14.859854971014956
-12.16204834845875
-1.1105801459292186
-1.1502036911746913
0.7922206774053283
0.0
0.0
2.3751665894074145
43.26923364017186
-15.014230634402466
-12.076169076041761
-1.1274363704842962
-1.1714752477153825
0.7989077072792382
0.0
0.0
2.468062620191336
43.262661999000336
-15.168680401861018
-11.989930406616459
-1.1444722988823728
-1.192988457960469
0.8054993149423286
0.0
0.0
2.5608334248808955
43.25537082281712
-15.32314623770221
-11.903337461776731
-1.161686884141931
-1.2147372103785132
0.8119940726115816
0.0
0.0
2.6534053896695244
43.24735147228258
-15.477570285770987
-11.816395501137288
-1.1790790221376115
-1.236715369296676
0.8183905824688372
0.0
0.0
2.7457052248511027
43.2385954503608
-15.631894911005135
-11.729109919723665
-1.1966475534351346
-1.2589167802276309
0.8246874761044589
0.0
0.0
2.8376600232480595
43.229094410327704
-15.786062740858839
-11.64148624478651
-1.2143912652320257
-1.2813352752067766
0.8308834139083762
0.0
0.0
2.929197318329942
43.21884016375515
-15.940016706477158
-11.553530132884065
-1.2323088933896642
-1.3039646781614078
0.8369770844634727
0.0
0.0
3.020245141949624
43.20782468768946
-16.09370008361642
-11.465247366490292
-1.2503991244154373
-1.3267988103396573
0.8429672038571978
0.0
0.0
3.110732081567361
43.19604013188236
-16.24705653337991
-11.376643850850089
-1.2686605976487275
-1.3498314957082165
0.8488525149453438
0.0
0.0
3.2005873371169455
43.18347882553582
-16.40003014254882
-11.287725610261361
-1.2870919074190323
-1.3730565664355991
0.854631786545532
0.0
0.0
3.2897407772243157
43.170133283670125
-16.55256546372592
-11.198498784659076
-1.305691605267718
-1.3964678683140608
0.8603038126623263
0.0
0.0
3.3781229950012337
43.15599621318186
-16.704607555014835
-11.108969625833035
-1.3244582022421092
-1.4200592662504703
0.8658674115313053
0.0
0.0
3.465665363128092
43.14106051862508
-16.856102019458923
-11.019144493727072
-1.3433901712242367
-1.4438246497391036
0.871321424783382
0.0
0.0
3.5523000883798233
43.125319307265585
-17.006995044005468
-10.929029852401287
-1.3624859493019585
-1.4677579383307333
0.8766647163547036
0.0
0.0
3.637960265442596
43.10876589461023
-17.157233438091822
-10.838632265865236
-1.3817439401779716
-1.4918530871291034
0.8818961715648012
0.0
0.0
3.7225799300189975
43.0913938085182
-17.306764671800394
-10.74795839441857
-1.4011625166639026
-1.516104092210861
0.8870146960145007
0.0
0.0
3.806094111173904
43.073196793867965
-17.45553691355617
-10.657014989719132
-1.4207400231108105
-1.5405049961121735
0.8920192144045309
0.0
0.0
3.888438882908743
43.05416881624863
-17.60349906732388
-10.565808890924105
-1.4404747779676232
-1.565049893242367
0.8969086694616366
0.0
0.0
3.969551414881354
43.034304065823434
-17.750600809305816
-10.474347020124691
-1.460365076331052
-1.5897329352972782
0.9016820206801918
0.0
0.0
4.049370022261364
43.01359696038407
-17.896792624122416
-10.382636377594563
-1.4804091924894065
-1.6145483366210933
0.9063382430533881
0.0
0.0
4.127834214687614
42.992042148407904
-18.042025840411164
-10.290684037237869
-1.5006053825366257
-1.6394903795874554
0.9108763258039898
0.0
0.0
4.204884744250302
42.96963451166182
-18.186252665875422
-10.198497141835412
-1.5209518869981646
-1.6645534198553233
0.9152952710204503
0.0
0.0
4.280463652527204
42.94636916724054
-18.32942622171935
-10.106082898074611
-1.5414469334074798
-1.6897318916643511
0.9195940922767796
0.0
0.0
4.3545143165899125
42.92224147000593
-18.471500576428063
-10.013448571754191
-1.5620887390059741
-1.7150203130366886
0.9237718131945496
0.0
0.0
4.426981493905137
42.89724701366908
-18.612430778958753
-9.920601482333659
-1.582875513320695
-1.7404132909199037
0.9278274659739013
0.0
0.0
4.497811366218964
42.87138163239265
-18.752172891219036
-9.827548998249302
-1.6038054608710477
-1.7659055263102843
0.9317600899043159
0.0
0.0
4.566951582250791
42.844641401751346
-18.890684019854564
-9.734298531173934
-1.624876783786643
-1.7914918192345766
0.9355687297682472
0.0
0.0
4.634351299252007
42.81702263954127
-19.027922347318775
-9.640857530943885
-1.6460876844458123
-1.8171670737693169
0.9392524343168794
0.0
0.0
4.699961223359518
42.78852190591513
-19.163847162232162
-9.547233479975967
-1.667436368151988
-1.8429263028740974
0.9428102545974704
0.0
0.0
4.763733648716621
42.75913600383015
-19.298418888920807
-9.453433887702968
-1.6889210457393906
-1.8687646332075505
0.9462412423160276
0.0
0.0
4.825622495312222
42.72886197863343
-19.431599116246986
-9.359466284948281
-1.7105399361966047
-1.8946773098326677
0.9495444481671047
0.0
0.0
4.885583345546588
42.69769711786942
-19.563350625573555
-9.265338218046058
-1.732291269283792
-1.9206597008667947
0.9527189200681426
0.0
0.0
4.943573479460429
42.665638950271195
-19.693637417907787
-9.171057243171255
-1.754173288131919
-1.9467073019598613
0.9557637014609197
0.0
0.0
4.999551908585296
42.63268524514223
-19.822424740228875
-9.076630920476022
-1.7761842517784217
-1.9728157407354663
0.9586778295001571
0.0
0.0
5.05347940839411
42.598834011057754
-19.949679110932774
-8.982066807516938
-1.7983224377546407
-1.9989807811215634
0.9614603332692815
0.0
0.0
5.105318549368244
42.564083494214145
-20.075368344374567
-8.887372453865458
-1.8205861445617817
-2.0251983274889818
0.9641102319278756
0.0
0.0
5.15503372658846
42.52843217706883
-20.199461574462266
-8.79255539422006
-1.84297369421295
-2.0514644288135346
0.9666265329114232
0.0
0.0
5.202591187819589
42.49187877609899
-20.32192927744592
-8.697623142694013
-1.8654834346465465
-2.0777752825445113
0.9690082300097681
0.0
0.0
5.247959060146593
42.454422239906286
-20.442743293594635
-8.602583186168829
-1.8881137421760397
-2.10412723849688
0.9712543015238095
0.0
0.0
5.291107375004111
42.41606174696017
-20.5618768480281
-8.50744297732064
-1.910863023882891
-2.130516802510971
0.9733637083365292
0.0
0.0
5.332008091719194
42.376796702642565
-20.67930457049388
-8.412209929185003
-1.93372971996203
-2.1569406400245796
0.9753353920318562
0.0
0.0
5.370635119414323
42.33662673692392
-20.795002514136115
-8.316891407323544
-1.9567123060033333
-2.1833955794577253
0.9771682729432342
0.0
0.0
5.4069643373231875
42.295551701164705
-20.908948173285005
-8.221494723976104
-1.9798092953270503
-2.2098786155260433
0.97886124825435
0.0
0.0
5.4409736134831075
42.253571665219646
-21.021120500121647
-8.126027130568081
-2.003019241110349
-2.236386912311759
0.9804131900393208
0.0
0.0
5.472642821753156
42.21068691380485
-21.131499920377006
-8.030495811462002
-2.026340738657044
-2.262917806223553
0.98182294335328
0.0
0.0
5.501953857181541
42.166897943411875
-21.240068347861808
-7.934907876444029
-2.049772427448052
-2.2894688088278863
0.9830893242875821
0.0
0.0
5.528890649667803
42.12220545838529
-21.346809197936167
-7.8392703540642685
-2.073312993250211
-2.3160376094465613
0.9842111180429236
0.0
0.0
5.553439175901413
42.076610367362356
-21.451707399885493
-7.743590184277982
-2.0969611701217112
-2.3426220776377598
0.985187077010474
0.0
0.0
5.575587469631881
42.03011377903836
-21.554749408105263
-7.647874211499243
-2.120715742390561
-2.3692202654908256
0.9860159188739647
0.0
0.0
5.5953256300796985
41.982716998470465
-21.65592321222706
-7.552129177157512
-2.1445755465255427
-2.3958304097201504
0.9866963246896481
0.0
0.0
5.612645828723998
41.934421522589254
-21.755218345981817
-7.456361712445373
-2.1685394730396133
-2.422450933657726
0.9872269370373157
0.0
0.0
5.627542314212171
41.885229035857456
-21.852625894992546
-7.360578331051726
-2.1926064682324244
-2.4490804489467926
0.9876063581285398
0.0
0.0
5.640011415541703
41.83514140596773
-21.94813850328239
-7.26478542170085
-2.216775535950183
-2.4757177571650897
0.9878331480207619
0.0
0.0
5.650051543418112
41.78416067913094
-22.041750378638973
-7.168989240673729
-2.241045739230589
-2.5023618511741135
0.9879058227602656
0.0
0.0
5.657663189830487
41.73228907522776
-22.13345729676237
-7.073195904354654
-2.2654162019225113
-2.529011916337397
0.9878228526471496
0.0
0.0
5.662848925776631
41.67952898340505
-22.223256604158085
-6.977411381490186
-2.289886110225235
-2.5556673315128235
0.9875826604694169
0.0
0.0
5.665613397224044
41.6258829566996
-22.311147219789124
-6.8816414860306665
-2.31445471414915
-2.582327669856274
0.9871836198065702
0.0
0.0
5.665963319181228
41.571353707251205
-22.397129635525054
-6.785891869299477
-2.3391213289388118
-2.6089926994352863
0.9866240533978275
0.0
0.0
5.663907467973318
41.51594410111946
-22.481205915277656
-6.690168012078356
-2.3638853364138925
-2.6356623836470368
0.9859022314685683
0.0
0.0
5.659456671693994
41.45965715313446
-22.563379692892696
-6.594475217536971
-2.3887461862400676
-2.6623368814200346
0.9850163702303011
0.0
0.0
5.652623798781661
41.40249602157061
-22.643656168765528
-6.498818603255799
-2.4137033971333035
-2.689016547224627
0.9839646303159123
0.0
0.0
5.643423744802473
41.34446400263006
-22.7220421051718
-6.403203093720347
-2.4387565580065833
-2.715701930875044
0.9827451153587589
0.0
0.0
5.631873417373323
41.28556452521499
-22.79854582026923
-6.307633412531233
-2.4639053290353514
-2.742393777155253
0.9813558705793606
0.0
0.0
5.617991719263988
41.225801145264185
-22.873177180877608
-6.212114075113425
-2.4891494426674745
-2.769093025184775
0.9797948814693382
0.0
0.0
5.601799529676259
41.165177540088685
-22.945947593863963
-6.116649380801803
-2.514488704513884
-2.795800807639943
0.9780600724965058
0.0
0.0
5.583319683693069
41.10369750276342
-23.016869996288982
-6.021243405441966
-2.539922994290669
-2.8225184497383458
0.9761493059686353
0.0
0.0
5.721749856714532
44.40029617435124
-22.916467940507843
-5.5986494597938
-2.929710694813085
-2.7222081023207148
1.1724291050468034
0.0
0.0
5.780129418593684
46.9233627017387
-22.959363415449495
-5.66610956447641
-3.1794799376070393
-2.5437178970507732
1.360268003108304
0.0
0.0
5.785379990276322
48.988428330937964
-23.083469074130942
-5.9590868735965685
-3.324350677889712
-2.3764060990446847
1.535087713152189
0.0
0.0
5.750961323515576
50.753846007974765
-23.261146788965103
-6.356049960230461
-3.3932139745172623
-2.241736650431858
1.6943644257054509
0.0
0.0
5.685095154532835
52.308257281443524
-23.477713952055705
-6.799434384731709
-3.408675366748332
-2.1404129475895934
1.837723244632934
0.0
0.0
5.593618668956594
53.70627150559121
-23.72385868354591
-7.2613559714031
-3.3878930984514617
-2.0677919136444074
1.9659827518836825
0.0
0.0
5.481041581955529
54.98404342680738
-23.992857297486527
-7.7281419516730905
-3.343625547897058
-2.0186506556817343
2.080423007822031
0.0
0.0
5.350994886263748
56.166717558823144
-24.279469078055747
-8.19309497487711
-3.2852103485471558
-1.988459461562251
2.1823833363754335
0.0
0.0
5.206463481269812
57.27234744306749
-24.579436383596367
-8.652997746052257
-3.2193842651945213
-1.973565868328444
2.2730855638168004
0.0
0.0
5.049932387529965
58.31416033054999
-24.88921791370648
-9.106377955022692
-3.150933926045568
-1.971081136771659
2.353580105307174
0.0
0.0
4.883490762292124
59.30197306067633
-25.20582276932847
-9.552627919086863
-3.0831974023150472
-1.9787171543299553
2.424749443313421
0.0
0.0
4.7089103304963515
60.24313221341465
-25.526695645048108
-9.991550874649452
-3.0184443032408295
-1.99464266922628
2.487333533927606
0.0
0.0
4.527705849799532
61.14316584490067
-25.849632518668102
-10.423125521686917
-2.958160873713382
-2.017371399692955
2.541959960694333
0.0
0.0
4.3411820842703115
62.00624896136305
-26.17271682983744
-10.847384650595428
-2.9032624813369634
-2.0456787217640486
2.589171509343962
0.0
0.0
4.150470428488532
62.83554288039505
-26.494270390306507
-11.264354496835661
-2.854251337245626
-2.078540576624981
2.6294487178201504
0.0
0.0
3.9565575689085186
63.633446256549284
-26.81281524081579
-11.674026853819544
-2.8113332356653524
-2.115088795556007
2.6632271706404205
0.0
0.0
3.760308033631826
64.40178273049004
-27.127043763526387
-12.076348950923228
-2.7745037717519128
-2.15457832518569
2.6909101829136888
0.0
0.0
3.5624820635908243
65.14194232631893
-27.435795064690154
-12.47122288536862
-2.7436118907361084
-2.196363027355125
2.712877764830089
0.0
0.0
3.363749906553799
65.8549886684248
-27.738036140390918
-12.858510027749585
-2.7184066279441543
-2.2398776556196824
2.729492731087977
0.0
0.0
3.1647033739432335
66.54174069803167
-28.03284670527922
-13.238037804522566
-2.6985713954340196
-2.28462429167223
2.741104693187548
0.0
0.0
2.965865298197426
67.2028352195504
-28.319406838792712
-13.609607376052098
-2.683749047123454
-2.3301620135817958
2.748052525305716
0.0
0.0
2.767697372624004
67.83877494030786
-28.59698681026384
-13.973001368592842
-2.673560117432085
-2.376098916443927
2.7506657588117163
0.0
0.0
2.5706067378417994
68.44996547140393
-28.864938599308935
-14.3279911917589
-2.667616008031792
-2.42208585393203
2.7492652464493035
0.0
0.0
2.3749515895573428
69.03674387971759
-29.122688745104874
-14.674343698386762
-2.665528437461635
-2.4678114464845033
2.7441633471120905
0.0
0.0
2.1810460153066047
69.59940074400518
-29.369732245579115
-15.011827072965952
-2.6669161280564464
-2.5129980284991413
2.735663811975157
0.0
0.0
1.989164217541706
70.13819718777745
-29.605627293476932
-15.340215922526118
-2.671409452702544
-2.5573982976359475
2.724061500597915
0.0
0.0
1.7995442425712387
70.65337801153521
-29.8299906858048
-15.659295584045477
-2.678653577380927
-2.600792494621803
2.7096420160306693
0.0
0.0
1.6123913065382616
71.14518177954413
-30.042493780497985
-15.968865694643622
-2.6883104973049563
-2.6429859886856923
2.6926813193686168
0.0
0.0
1.4278807885155298
71.61384851941567
-30.24285890194555
-16.26874308482477
-2.7000602621700875
-2.683807177857857
2.673445363453877
0.0
0.0
1.2461609446529633
72.05962554132581
-30.43085611870747
-16.55876405814458
-2.7136016099022395
-2.7231056372973534
2.652189770084347
0.0
0.0
1.0673553854035802
72.4827717707307
-30.606300332438682
-16.83878612641027
-2.7286521719666057
-2.7607504668497524
2.6291595648374497
0.0
0.0
0.8915653487250819
72.88356090240124
-30.76904862964851
-17.1086892635894
-2.744948371529533
-2.796628801335404
2.6045889759498055
0.0
0.0
0.718871795314443
73.26228361518571
-30.91899785723956
-17.368376742257556
-2.7622451044157006
-2.830644456551965
2.5787012988780718
0.0
0.0
0.5493373466015721
73.61924903995506
-31.056082390023374
-17.617775606817347
-2.7803152697832036
-2.862716690415873
2.5517088245770445
0.0
0.0
0.3830080823609156
73.95478562979588
-31.18027206405458
-17.85683683691181
-2.798949199965839
-2.892779063595558
2.523812827583466
0.0
0.0
0.21991521163088967
74.26924155371655
-31.291570254139945
-18.085535248945078
-2.817954026413427
-2.9207783875045243
2.495203608839598
0.0
0.0
0.06007662823663212
74.56298471116133
-31.390012077310498
-18.303869173819162
-2.8371530085068954
-2.9466737499521436
2.466060587171019
0.0
0.0
-0.09650163951000693
74.83640244376247
-31.475662706715365
-18.51185995280986
-2.8563848454185696
-2.9704356107864394
2.43655243370377
0.0
0.0
-0.24982407698523756
75.08990100946356
-31.54861578305504
-18.70955127967018
-2.875502985367724
-2.9920449610767927
2.4068372428900684
0.0
0.0
-0.39990442232243295
75.32390486862472
-31.60899191185409
-18.897008421427202
-2.894374942890904
-3.011492540564452
2.3770627348533053
0.0
0.0
-0.5467644904577641
75.53885582518959
-31.656937237210393
-19.074317340350923
-2.9128816316105275
-3.028778108752143
2.3473664833598997
0.0
0.0
-0.6904330768628364
75.73521205742374
-31.692622083160426
-19.241583740739596
-2.9309167177478064
-3.043909765612237
2.3178761647625845
0.0
0.0
-0.830944936282581
75.91344706541138
-31.71623965536622
-19.398932057492207
-2.94838599796341
-3.0569033184119436
2.2887098233416467
0.0
0.0
-0.9683398323799101
76.07404855971873
-31.72800479669263
-19.54650440476674
-2.9652068039256174
-3.067781691399935
2.259976149259989
0.0
0.0
-1.1026616543597407
76.21751730949661
-31.72815279069093
-19.68445949713971
-2.9813074348422157
-3.076574375473961
2.2317747654334203
0.0
0.0
-1.233957597275422
76.34436596645422
-31.716938208313778
-19.812971556094006
-2.9966266188379773
-3.08331691511105
2.2041965204434177
0.0
0.0
-1.3622774026938373
76.45511787658143
-31.694633793116257
-19.932229211309455
-3.0111130031275732
-3.088050430064188
2.1773237847453863
0.0
0.0
-1.487672656902089
76.55030589188144
-31.661529381272967
-20.042434405543847
-3.02472467299362
-3.0908211695452126
2.151230747906712
0.0
0.0
-1.610196143739717
76.63047118817342
-31.617930852985918
-20.14380131110023
-3.0374286988442156
-3.0916800966142226
2.125983715036872
0.0
0.0
-1.7299012496263528
76.69616209925947
-31.564159112199647
-20.236555262192457
-3.049200710863825
-3.090682500834321
2.1016414006554935
0.0
0.0
