0.6097806232390772
0.10504149059070629
0.061745103815515255
2.7609623655272806
0.05534376510597581
-0.9278948900316112
0.6108678177123227
0.10358159873927654
0.05973482360115744
2.7583043092340214
0.056722006147881
-0.9279799268198146
0.6119493087814286
0.10212183292555126
0.05777966806788138
2.755722543784607
0.05804720250838615
-0.9280779652201335
0.6130166489068558
0.10067686888240977
0.05588790217946684
2.753229821689619
0.059317179767633434
-0.9281855346642971
0.614063288908795
0.09925832631349546
0.054065646190872306
2.750835649881485
0.06053074521132318
-0.9282994305228619
0.615084228107034
0.09787525571045579
0.052317208914263315
2.748546751727306
0.06168749510821594
-0.9284167849846751
0.6160757247975038
0.0965345545693396
0.0506453789418602
2.7463674824136795
0.06278765454264232
-0.9285351032808061
0.6170350578395182
0.09524132312281235
0.049051678386590615
2.744300201212586
0.06383194478447025
-0.9286522738065657
0.6179603311027432
0.09399916810092673
0.047536583208822265
2.742345603449838
0.06482147379001352
-0.9287665593361087
0.6188503135605242
0.09281046175731576
0.04609971380277542
2.740503014739363
0.0657576460374738
-0.9288765752211691
0.6197043088312413
0.09167656236055531
0.04473999917984745
2.738770650000508
0.06664208846983107
-0.9289812592768943
0.6205220489134925
0.09059800149078977
0.04345581778543366
2.7371458398122823
0.06747658982787584
-0.929079837012157
0.6206403057030566
0.09024456380641342
0.0418829059152672
2.7352328870031046
0.06858060774413006
-0.9292500737041879
0.6201953241727652
0.09047565581779045
0.04009683407826845
2.733108526704476
0.06991262001027743
-0.9294549238398943
0.6193002404254915
0.09117103235371841
0.038160456187108595
2.730837439357832
0.07143499211472958
-0.9296672767470419
0.6180495063783192
0.09222887550319209
0.036125444456675836
2.7284730719581702
0.07311298242716809
-0.9298678233385078
0.6165222616203316
0.09356371957069734
0.03403380432484356
2.726058776708994
0.07491431280886031
-0.9300433447536156
0.6147849386317434
0.09510439558097335
0.031919297158723346
2.723629085094816
0.07680906057786928
-0.9301853407690273
0.6128933091984137
0.09679209254678739
0.029808732831415642
2.7212109978822987
0.07876970583375768
-0.9302889313840007
0.6108941212220919
0.09857858479190355
0.02772311631747277
2.7188252149530894
0.08077122803753499
-0.9303519782255781
0.6088264763938708
0.10042470235932725
0.0256786683996287
2.71648717367909
0.08279107209000691
-0.9303743453173748
0.6067229590473668
0.10229897678300552
0.02368769870650663
2.7142080038745
0.08480917499251145
-0.9303573113354309
0.6046104660985666
0.1041763051670349
0.02175928767037847
2.711995599610189
0.08680828615941709
-0.9303032074680794
0.6025110025182364
0.10603688861900189
0.019899893155302557
2.7098553239784784
0.08877381976130427
-0.9302150817882362
0.6004423678879574
0.10786532314694712
0.018113856407385047
2.707790587597805
0.09069366989163008
-0.9300964333859498
0.5984187533824141
0.10964982715448868
0.01640382165695161
2.7058033147205256
0.09255800255887675
-0.9299510039057749
0.596451263301063
0.11138158935054424
0.014771082376675312
2.703894312311495
0.0943590363181528
-0.9297826162568684
0.5945483717544265
0.11305422145782916
0.013215865736159812
2.702063557510458
0.09609082089101113
-0.9295950519877542
0.5927163227509876
0.11466330118707431
0.011737565325936455
2.7003104179975836
0.09774902076081057
-0.9293919602330449
0.5909594803453933
0.11620599229257865
0.0103349308298322
2.69863381834372
0.09933070866382442
-0.929176792311212
0.5892806344299868
0.1176807299744498
0.009006222045869516
2.697032363732051
0.10083417219409736
-0.9289527570287043
0.5876812669973109
0.11908696133758495
0.007749333510973655
2.695504430684831
0.10225873540296417
-0.9287227925627699
0.5858932822656576
0.12007166579281517
0.006200149679775188
2.693529054791127
0.10350472678773376
-0.9285902419486974
0.5839699923724533
0.1207092204248336
0.004434625717975876
2.69122316242706
0.10460759885557555
-0.9285382249445149
0.5819553846354284
0.12106269888534373
0.002515385743819617
2.688682469544125
0.1055944901015439
-0.9285523778517601
0.5798857455771835
0.12118550390890438
0.000493693464146147
2.685984630259882
0.10648626148649906
-0.9286203247572541
0.5777909371446946
0.12112275664389853
-0.0015887996601688327
2.6831920808736474
0.10729901980111842
-0.9287313352870094
0.5757885748609999
0.12099206546071296
-0.003323240791094301
2.680353774964445
0.10807517124458967
-0.9288630576228362
0.5738610316906333
0.12079951145869057
-0.0047829107865764945
2.6775036708634308
0.10880630224961854
-0.9290102851803324
0.5720006310902586
0.12054913571852044
-0.0060094691666165104
2.6746657354253047
0.10948699776493984
-0.9291692902521148
0.5701989997584099
0.12024587501893515
-0.0070521163403649365
2.6718626155524228
0.11011525225815184
-0.9293367236383284
0.5684514199329942
0.1198951259310443
-0.007949105749165736
2.669112716721135
0.11069172889935633
-0.9295096969529172
0.5667556968390767
0.1195023966212297
-0.008730285931087706
2.666430719257031
0.11121879436054052
-0.9296857037221102
0.5651113061077612
0.11907307481932815
-0.009419043357313828
2.663828063686509
0.11169983563597674
-0.9298625674641021
0.5635187607970973
0.11861228051993405
-0.010033787537297648
2.661313397544709
0.11213877990984275
-0.930038404909121
0.5619741980695351
0.11813116255004252
-0.010622647789767731
2.6588980958208452
0.11253714084651538
-0.9302131354485565
0.5604810417310151
0.11763374019900157
-0.011187505208845408
2.656585363661811
0.11290033807714368
-0.9303848830875947
0.5590420790915471
0.11712350043871472
-0.011730194374141129
2.654376787289281
0.11323314498222907
-0.930552122427821
0.557791646352898
0.11669994442997551
-0.012194454484172746
2.652292241187892
0.11357966915278062
-0.9307032552264451
0.556694926891468
0.11634085338495827
-0.012606666944956513
2.6503233760849056
0.1139299684784117
-0.9308411594898092
0.5557239585885355
0.11603027127396663
-0.01298522884253322
2.6484635830876218
0.11427616266472265
-0.9309683075569983
