0.03577566798064285
-0.4219963264075453
0.14716853785619324
-1.9369826415399551
0.06097275053297811
1.5191560647813493
-0.6124465852055838
5.983416989773223e-06
0.00014756210300159508
0.03540152218232575
-0.42119044473803563
0.14630472612915876
-1.9376509439266272
0.06109744049115181
1.5204811481634932
-0.6138139286183105
4.522721649244387e-05
0.0002186071407354863
0.03474701906770843
-0.4197443967363873
0.14474670675089052
-1.9388467851569544
0.061318873067329464
1.5228669674888675
-0.6162738521137079
0.00012573462402155764
0.0003592165944232702
0.03388006720093395
-0.4177934313474752
0.14264506040734154
-1.9404468389060283
0.06161704082180583
1.5260876069778668
-0.6195961337066387
0.00024989127477890235
0.0005646635867848316
0.032856339791320625
-0.415447705757998
0.14012667383794286
-1.9423443748028593
0.061975599075851755
1.5299509402768154
-0.6235860714596424
0.00041947671835447487
0.0008307487164495725
0.031721344662140875
-0.4127971497598731
0.13729795195330272
-1.9444481489048202
0.06238119049524497
1.534294356842094
-0.6280796025579896
0.0006357281985426733
0.0011537404654442466
0.03051213424446353
-0.40991539788731035
0.13424765336505337
-1.9466811687083738
0.06282288948048681
1.5389809663014609
-0.632939052961022
0.0008994064014637856
0.0015303136614983413
0.029258721717594378
-0.4068629466971026
0.13104938434592772
-1.9489793845526506
0.06329174640731365
1.5438962312854287
-0.6380494387774811
0.0012108589078762076
0.0019574902467501664
0.02798525710806706
-0.4036896762935777
0.1277637841736925
-1.9512903546952458
0.0637804149438855
1.5489449851961037
-0.6433152504577764
0.0015700789817058097
0.0024325847110985227
0.02671100694582452
-0.4004368560150743
0.12444043292011335
-1.9535719239709435
0.06428284839145504
1.554048796015861
-0.648657659524707
0.001976758554699763
0.002953155322583886
0.025451172692657627
-0.3971387356304055
0.12111951088051218
-1.9557909476417792
0.06479405326789561
1.5591436410283386
-0.6540120950262266
0.002430335046226214
0.0035169615094500484
0.024217576346972938
-0.3938238063111274
0.11783323692432468
-1.9579220839166376
0.06530989023798736
1.5641778605301428
-0.6593261433569206
0.002930032134944761
0.004121927271745146
0.02301923614445752
-0.39051580047312634
0.11460711106138415
-1.9599466712668527
0.06582691406036284
1.5691103614392194
-0.6645577307154247
0.0034748948752375054
0.004766110224746371
0.021862850888281375
-0.38723448645482994
0.11146098447813417
-1.9618517003738156
0.06634224553192306
1.5739090442663877
-0.6696735523772
0.00406381969410444
0.0054476757340609075
0.02075320795156452
-0.38399630287596
0.10840997823782372
-1.963628885395522
0.0668534695181673
1.5785494292743547
-0.6746477172756195
0.004695579860439872
0.006164875546297181
0.019693527223009683
-0.3808148682537573
0.10546526980072866
-1.9652738351909707
0.06735855410202524
1.5830134598389671
-0.6794605801868778
0.005368847020273126
0.006916030317714171
0.018685751066017105
-0.3777013938444694
0.10263476454439294
-1.96678532208841
0.0678557866939478
1.587288463069112
-0.6840977371754816
0.006082209360550735
0.0076995154744025135
0.017730788610865095
-0.374665021509261
0.09992366758295303
-1.9681646435897298
0.0683437236438083
1.5913662496439656
-0.688549162932733
0.006834186915126993
0.008513749886581943
0.016828721300874653
-0.3717131034602468
0.09733496942336617
-1.9694150709253584
0.06882115049654333
1.5952423365942414
-0.6928084712761658
0.007623244469608225
0.00935718689673391
0.015978975489332657
-0.3688514368228365
0.09486985737064685
-1.9705413774741378
0.0692870505505725
1.5989152783911356
-0.6968722824112307
0.008447802462877515
0.01022830730021872
0.015180466973599881
-0.3660844628742783
0.09252806311204624
-1.9715494396161175
0.06974057982057963
1.602386093216145
-0.7007396826201584
0.009306246226406495
0.011125613933860532
0.014194482710023538
-0.36266788868905697
0.08984133132800842
-1.9725427776019964
0.07020360261154636
1.6062281266332383
-0.705189769876836
0.010185584236112256
0.012057590647585712
0.01307212486156554
-0.3587486821444165
0.08690417562872414
-1.9734928284744666
0.07067333439861045
1.61032725984463
-0.7100707283084511
0.011086676198518473
0.013020279315768261
0.01185523377961496
-0.3544488580332414
0.08379523388379807
-1.9743760785546227
0.07114769711984058
1.6145880624228839
-0.7152553619945944
0.012009945984645488
0.014010156789813703
0.010577891952526725
-0.34986977912781514
0.08057950859339896
-1.975174004938136
0.07162509797593966
1.6189313984393428
-0.720637653401744
0.012955445020344474
0.01502407493711444
0.009267683774138974
-0.3450956772273119
0.07731033330462016
-1.9758728186034924
0.07210426434940927
1.6232922826209342
-0.7261297676973795
0.013922910443718123
0.016059205889646478
0.0079467538836101
-0.34019653328831745
0.07403109142799065
-1.9764630743132017
0.07258412345632183
1.627617966698537
-0.731659448034238
0.014911817120672608
0.017112993391544467
0.006632698601468578
-0.3352304341466296
0.07077671278746475
-1.9769392001422699
0.07306371736086037
1.6318662370257098
-0.7371677534453983
0.01592142331386166
0.018183110436412814
0.005339318396556448
-0.3302455038224578
0.06757497190017514
-1.9772989879931646
0.07354214564385228
1.6360039053929736
-0.7426070967589641
0.01695081022558238
0.019267422963871086
0.00407725406408115
-0.3252814902514277
0.06444761041324944
-1.9775430763338546
0.07401852938553626
1.6400054758219609
-0.7479395450200401
0.01799891587455814
0.020363959148301268
0.0028545251189964482
-0.3203710735355835
0.061411304407078954
-1.977674447803175
0.0744919912588133
1.6438519710259594
-0.7531353493845038
0.019064563883536084
0.021470883697748373
0.001676985594089968
-0.31554094934215754
0.05847849548346008
-1.9776979572601237
0.07496164748042261
1.6475299031712358
-0.7581716754009388
0.020146487792820095
0.022586476544091044
0.0005487097980526089
-0.3108127306884325
0.0556581027575274
-1.9776199002010229
0.07542660817053923
1.6510303745558697
-0.763031508090431
0.0212433515041189
0.023709115317268097
-0.0005276815116340146
-0.3062037027951738
0.05295613111566435
-1.9774476270689112
0.07588598335308051
1.6543482948231734
-0.7677027093250743
0.022353766419740868
0.02483726103633003
-0.0015507457707814544
-0.30172745871687806
0.05037618942563764
-1.977189205652117
0.07633889240893522
1.6574817023279522
-0.7721772077427272
0.023476305787863597
0.02596944650482626
-0.0025199866571084424
-0.2973944378222081
0.04791993081594391
-1.976853131333738
0.0767844752865659
1.6604311782603014
-0.7764503038584145
0.024609516704321332
0.02710426695863348
-0.0034356592481745393
-0.29321238468025285
0.04558742569432366
-1.9764480832433533
0.07722190418975303
1.6631993430904641
-0.7805200751767413
0.02575193016079002
0.02824037257512063
-0.00429860690772158
-0.2891867423104431
0.04337747685781004
-1.9759827232276932
0.07765039480933618
1.6657904258195122
-0.7843868680051704
0.026902069471847857
0.029376462510123262
-0.005110125283237935
-0.28532099090528934
0.04128788485941989
-1.9754655338697893
0.07806921645215599
1.6682098973969977
-0.788052864341832
0.028058457361041154
0.03051128018169174
-0.0058718494407705175
-0.2816169408905737
0.03931567073597825
-1.9749046914383945
0.07847770065283256
1.670464160493442
-0.79152171368751
0.029219621939650723
0.03164360956613783
-0.006585660709872778
-0.2780749874260183
0.03745726226083915
-1.9743079695524974
0.07887524803895442
1.6725602885897055
-0.7947982209309873
0.030384101771522967
0.03277227231235016
-0.007508832196349921
-0.27371547230314464
0.035243717837612897
-1.9735532617546234
0.0793116882610367
1.6750599933028143
-0.7987605245464309
0.03148318378686312
0.03385175601340604
-0.00858778162888988
-0.26872846796498345
0.03276803753440882
-1.9726553280410022
0.07978031836018953
1.6778528142209208
-0.8032417490254435
0.03251920332116828
0.0348794224393601
-0.00977835406037702
-0.2632720079346749
0.030107763789728306
-1.9716265215503366
0.08027570093329485
1.6808459424231694
-0.808101601805229
0.03349412730993688
0.035853137442286014
-0.011044334112004292
-0.2574773549177386
0.02732713375184943
-1.9704778458391385
0.08079332022264131
1.6839620476501547
-0.8132226985236369
0.03440961100357446
0.03677121173816415
-0.012356192403523845
-0.2514533776741676
0.024478975494900204
-1.9692196593695215
0.08132932347786977
1.687137311004547
-0.8185073589786063
0.035267050988592924
0.03763234535454667
-0.013690025541567879
-0.2452901849934173
0.02160637076054215
-1.9678621110769476
0.08188033093389725
1.6903196510440353
-0.8238748169026122
0.03606763313623573
0.0384355770976125
-0.01502665730045084
-0.23906214361005038
0.018744106760440044
-1.9664153771595765
0.08244330011974517
1.6934671311281753
-0.8292587931190104
0.03681237493509872
0.03918023956620326
-0.01635087500220216
-0.2328303871759378
0.015919938862457968
-1.9648897561525935
0.08301543245361077
1.696546535780224
-0.8346053874535647
0.03750216218341973
0.039865919728326316
-0.017650780026533284
-0.22664490584476185
0.013155684856735487
-1.9632956675569475
0.08359411210888541
1.6995321037772988
-0.8398712499627983
0.03813778032465477
0.040492424772676165
-0.018917235199627583
-0.2205462907376703
0.01046817010441322
-1.9616435890598423
0.08417686892977755
1.7024044057542629
-0.8450219966609954
0.03871994087775594
0.04105975278338992
-0.020143394788467626
-0.21456719448322442
0.007870041328838749
-1.9599439587689826
0.08476135873623208
1.705149354317282
-0.8500308390349638
0.039249303489609304
0.04156806771252302
-0.021324305169317145
-0.20873355799719612
0.005370465206778249
-1.9582070618077339
0.08534535570026429
1.7077573350048776
-0.8548774002840364
0.03972649415451081
0.04201767810880077
-0.02245656610103421
-0.20306564447395084
0.002975726322540457
-1.9564429149373297
0.08592675261838192
1.710222446888126
-0.8595466944619652
0.0401521201270177
0.04240901908065896
-0.023538044034012842
-0.19757891396844116
0.0006897375085599799
-1.9546611584070963
0.08650356586719996
1.7125418421434608
-0.8640282475717901
0.04052678201540642
0.042742637011224244
-0.024567630111809197
-0.1922847657261119
-0.0014855258564721095
-1.9528709607997479
0.08707394263100741
1.7147151545371906
-0.8683153422137982
0.04085108349360276
0.04301917659252722
-0.02554503654000532
-0.18719117035206265
-0.0035496573673550707
-1.9510809400594962
0.08763616864937411
1.716744007408146
-0.8724043696450356
0.04112563901656814
0.04323936979923862
-0.026470625853281127
-0.18230320980680756
-0.00550350793654838
-1.949299102005343
0.08818867526730174
1.7186315924045807
-0.876294275107301
0.0413510798719766
0.043404026474384155
-0.0273452683417094
-0.17762353990410862
-0.00734892308261823
-1.9475327962994313
0.08873004499627753
1.7203823109074925
-0.8799860840466183
0.041528058852123954
0.043514026248342975
-0.028170223526165373
-0.1731527873209919
-0.00908852228078617
-1.9457886889402436
0.08925901512713846
1.7220014707419373
-0.8834824984055373
0.041657253785721354
0.04357031155664698
-0.02894704211882318
-0.16888989098834487
-0.010725514381730323
-1.9440727497820356
0.08977447918902542
1.723495031430519
-0.8867875535425254
0.041739370130102836
0.04357388156112661
-0.029932627266807225
-0.16368204795122054
-0.012650078100449432
-1.9419676815645466
0.09030919430366377
1.725246082426206
-0.8907284686663082
0.04176387255959053
0.043536871947592745
-0.031074808215167744
-0.15775193356644768
-0.014783736533461976
-1.9395427549708617
0.09086047408831166
1.7271755316298552
-0.8951474421567683
0.041734086299021915
0.0434578267280021
-0.03233041968052618
-0.15128525326174824
-0.01706118677130629
-1.9368564064801825
0.09142608018794952
1.7292172641201289
-0.8999117605454984
0.04165295692884034
0.043335743137320755
-0.03366389894110017
-0.1444365618233242
-0.019428490313928428
-1.9339584151658464
0.09200401548787229
1.7313166151742896
-0.9049103800763123
0.04152310352610031
0.04317001471765821
-0.0350461013528929
-0.13733415378103836
-0.02184146759459221
-1.930891591997753
0.09259238499552014
1.7334289592938728
-0.9100509350400098
0.04134686829605861
0.042960378022822675
-0.036453296423810955
-0.13008417219414944
-0.02426428193374042
-1.9276930803557613
0.09318930968755841
1.7355184153386878
-0.9152571230579258
0.041126361447394635
0.04270686414401492
-0.03786631457366652
-0.12277406212672906
-0.026668197085899105
-1.924395351168854
0.09379288050442623
1.7375566664181994
-0.9204664229426329
0.04086350082648664
0.0424097555122397
-0.039269820711061644
-0.11547547601571555
-0.029030492224626083
-1.9210269616597302
0.09440114167973362
1.73952189171886
-0.9256281056729884
0.04056004629870134
0.04206954797244627
-0.040651695287943386
-0.10824672122092416
-0.031333518489820536
-1.9176131336787006
0.09501209452396575
1.7413978061404485
-0.9307015034199528
0.040217629144628717
0.041686917852547814
-0.04200250694105684
-0.10113482533743942
-0.03356388190582446
-1.9141761962981223
0.09562371454584241
1.7431728025536646
-0.9356545054946955
0.03983777689172826
0.04126269360330433
-0.04331506348810202
-0.09417728224668497
-0.03571173841879758
-1.9107359277429534
0.09623397634974734
1.7448391906963603
-0.9404622536081299
0.039421934071027315
0.04079783151933368
-0.0445840301291916
-0.08740353120796682
-0.03777018788578778
-1.9073098237647648
0.09684088208350158
1.7463925261860354
-0.9451060119748901
0.03897147940437954
0.04029339503779302
-0.04580560536644678
-0.08083621233637425
-0.03973475499387522
-1.9039133130701784
0.09744249033356775
1.7478310228145666
-0.9495721906040175
0.038487739910873064
0.039750537129456816
-0.046977246507464036
-0.07449223435464998
-0.041602946237980026
-1.900559935205899
0.09803694328948767
1.7491550411739614
-0.9538515026277952
0.03797200238521904
0.03917048533336352
-0.048097437740716155
-0.06838368433152277
-0.043373873201410826
-1.8972614921916329
0.09862249074531246
1.7503666467043206
-0.9579382387595721
0.03742552265571072
0.03855452903175843
-0.049165494718039604
-0.06251860402854108
-0.04504793343924373
-1.8940281819982059
0.09919751009413573
1.751469230424032
-0.9618296439679166
0.03684953298076607
0.037904008610718035
-0.050181400389873405
-0.05690165329397642
-0.04662654124687994
-1.8908687195263434
0.09976052192401985
1.75246718586752
-0.9655253832320118
0.03624524789504883
0.03722030619979862
-0.05114566753992375
-0.05153467751070144
-0.04811190149782362
-1.8877904489068553
0.100310201160356
1.7533656360915333
-0.9690270848235257
0.03561386877103518
0.03650483772903653
-0.05205922407659152
-0.04641719329210634
-0.049506820554172784
-1.8847994495910025
0.10084538394046486
1.7541702049946937
-0.9723379509629471
0.034956587320916964
0.03575904608241706
-0.052923317672676475
-0.041546804313844304
-0.05081454899222798
-1.881900637726096
0.10136507056878456
1.7548868276083645
-0.9754624269415667
0.03427458822744903
0.034984395163005166
-0.05399853797808527
-0.03565756646910654
-0.05233790602452282
-1.8784390210375899
0.10191228465366323
1.7557861156553416
-0.9791530598013634
0.03355796696957429
0.034193448800744985
-0.05523343719390709
-0.02899281822478841
-0.054015073735755016
-1.8745276091120378
0.10248249290914808
1.7568079656281146
-0.9832665708539835
0.03281041242669422
0.03338518756087592
-0.05658523894001419
-0.02175579390732663
-0.055794798137500365
-1.8702616951984645
0.10307172047234758
1.75790240500295
-0.9876824058104804
0.03203521147227637
0.03255899795393087
-0.058018501431978856
-0.014115763623631962
-0.05763495550683104
-1.8657219476058533
0.10367637354577054
1.7590284500596254
-0.9922996973986431
0.031235300282315942
0.031714617923448374
-0.05950398965124892
-0.00621323499706667
-0.059501268088877096
-1.8609769075486209
0.10429311969134891
1.7601530278336557
-0.9970345929791264
0.03041331227289112
0.030852085850026807
-0.061017719859504375
0.0018356409142115566
-0.06136616267240928
-1.8560850023944504
0.1049188131051721
1.7612499689527934
-1.0018179069252966
0.029571621517875842
0.02997169418365981
-0.06254014763812796
0.00993533701252654
-0.06320776318719745
-1.8510961672299353
0.10555045350548743
1.76229907610165
-1.006593061645151
0.028712381204180126
0.02907394812408035
-0.06405547648414622
0.018007786279741308
-0.06500900710913063
-1.8460531525367203
0.10618516895528154
1.763285270743658
-1.0113142848416041
0.027837557119150914
0.028159529341069037
-0.06555106838684975
0.025989697865865607
-0.06675687484055674
-1.840992582120435
0.10682021470623136
1.7641978187595873
-1.01594503396137
0.026948956423795564
0.027229264473926346
-0.06701694114190603
0.0338302781764179
-0.06844172114865457
-1.8359458134885127
0.10745298182315613
1.7650296339601093
-1.0204566218076465
0.02604825210675126
0.02628409801209892
-0.06844533972618935
0.04148929384049277
-0.07005669802725877
-1.8309396426613658
0.10808101084150129
1.765776657043158
-1.024827020021332
0.02513700357817854
0.025325069097233092
-0.06983037106968751
0.048935423537256134
-0.07159725886994431
-1.8259968868359249
0.10870200698947782
1.7664373064969123
-1.0290398195997033
0.024216673877720713
0.024353291773486163
-0.07116769317218077
0.05614485419393201
-0.07306073450961942
-1.821136871248977
0.10931385456570963
1.7670119971733946
-1.0330833298465296
0.023288643955245915
0.02336993822919914
-0.0724542508282221
0.06310008424323463
-0.07444597242386092
-1.8163758408295512
0.10991462891409524
1.7675027217411374
-1.0369497991562513
0.022354224450124326
0.022376224606409617
-0.07368805131817684
0.06978890263395077
-0.07575303117752363
-1.8117273125986995
0.11050260510065171
1.7679126899288582
-1.040634742846943
0.021414665352928002
0.021373398996681607
-0.07486797434690524
0.07620351730072003
-0.07698292294180925
-1.8072023810931623
0.11107626289708541
1.768246020356344
-1.0441363648899478
0.02047116388836333
0.020362731286768247
-0.07599361130070735
0.08233981097480879
-0.07813739767027514
-1.8028099861937084
0.11163428803843671
1.7685074797770282
-1.047455061854144
0.01952487091357732
0.019345504562152904
-0.07706512957252473
0.08819670569376475
-0.07921876321358898
-1.7985571504854108
0.1121755699721755
1.768702264696085
-1.05059299870423
0.018576896083899598
0.01832300781839917
-0.07808315829327596
0.09377562026187414
-0.08022973630831777
-1.7944491915415155
0.11269919647635245
1.7688358205495598
-1.0535537472784775
0.01762831199978249
0.01729652976831953
-0.07904869231719894
0.09908000732500348
-0.08117331997680093
-1.7904899131998226
0.11320444561497925
1.7689136939097718
-1.0563419793343354
0.016680157514705456
0.016267353566740795
-0.08018933685268874
0.10541995262893175
-0.0822214126645176
-1.78585143373258
0.11375143278472066
1.7691400972089015
-1.0595489673024285
0.01572223792973763
0.015247954728492401
-0.08146156092458759
0.11254491492545424
-0.08333866786452333
-1.7806779449688472
0.11433132637397957
1.769464930941568
-1.0630626681787219
0.014758049449356528
0.014237076349755604
-0.08282905555052084
0.12024542717591347
-0.08449607877955935
-1.7750910935119824
0.11493641795037644
1.769846833272158
-1.0667889463920965
0.013790664458091628
0.013233840310361256
-0.08426163126887876
0.12834694705648392
-0.08567012293373756
-1.769193658771757
0.11555994085820959
1.7702521954377148
-1.0706492217820158
0.012822783838191236
0.012237693296884592
-0.08573428945167183
0.13670461104780396
-0.0868419839175974
-1.7630725860316099
0.11619593007798085
1.7706542254428719
-1.0745783870320829
0.011856785212113613
0.01124835702257327
-0.08722643644274919
0.14519876087385195
-0.08799685197385915
-1.7568014847513105
0.11683911501578505
1.7710320679046432
-1.078522967205812
0.010894766356544135
0.010265783378607594
-0.08872121611242165
0.15373112898541125
-0.0891233020835653
-1.75044268675749
0.1174848375580756
1.7713699860914136
-1.082439496612558
0.009938583584178907
0.00929011470873829
-0.09020494139400714
0.1622215857874884
-0.0902127461133495
-1.7440489443407763
0.11812898882114663
1.7716566101245361
-1.0862930905262604
0.00898988522314718
0.008321649070389433
-0.09166660914818867
0.17060536539442261
-0.09125895423880298
-1.7376648350444486
0.11876795924572503
1.7718842532857684
-1.090056191340045
0.008050140515565157
0.007360810156722011
-0.09309748559242179
0.1788306989563862
-0.09225764008724219
-1.7313279282951617
0.1193985978662881
1.772048296566812
-1.0937074706057412
0.007120664355303207
0.006408121457474723
-0.09449075176815142
0.18685679518196902
-0.09320610369466188
-1.7250697590135613
0.12001817763516055
1.7721466400845032
-1.0972308701092266
0.006202638323456595
0.005464184199148004
-0.09584120027134635
0.19465211675302405
-0.0941029263251335
-1.7189166448692963
0.1206243645668234
1.772179218787119
-1.1006147666926007
0.00529712848044383
0.0045296586053191
-0.09714497586767946
0.20219290906590298
-0.09494771136229811
-1.7128903767725154
0.12121518918211623
1.772147578981778
-1.103851246969209
0.0044051003511687645
0.0036052480406904646
-0.09839935374291668
0.20946194430889936
-0.0957408657805989
-1.7070088063590223
0.12178901928603372
1.7720545115904893
-1.1069354793998654
0.0035274315044329157
0.0026916856378381817
-0.09960255006619072
0.21644744945900102
-0.09648341708551167
-1.70128634946029
0.12234453352604607
1.7719037376555522
-1.1098651724177224
0.0026649220865472755
0.001789723046847143
-0.10075356031484345
0.22314219149680964
-0.09717686103858833
-1.695734420690737
0.12288069547300624
1.771699641424015
-1.1126401084125286
0.00181830362628239
0.0009001209907345605
-0.1018520214575175
0.22954269712520597
-0.09782303592692404
-1.6903618111846157
0.12339672816652224
1.7714470463074643
-1.1152617444186426
0.000988246386680575
2.3641351039803372e-05
-0.10289809464129336
0.23564858764712368
-0.09842401957828194
-1.6851750190416985
0.12389208919221718
1.7711510291024064
-1.1177328713004444
0.00017536550046380833
-0.0008389594534094137
-0.10389240062434116
0.24146837483012373
-0.09898180322875257
-1.6801704977809973
0.1243666269311513
1.770812784878233
-1.1200564095638077
-0.0006198289234342067
-0.0013334900098774854
-0.1048358111600469
0.24699710353487195
-0.09949906524811149
-1.675362533590299
0.12481994224787164
1.770443163064611
-1.1222383113585555
-0.0010818157606290652
-0.001583994300330549
-0.10588720017352697
0.2535360094567922
-0.10001673007347087
-1.669809907589362
0.12531796399334563
1.7702070178081168
-1.1246205374710345
-0.0013219129427770935
-0.0016762490253305067
-0.10701730716648652
0.26083903657329954
-0.10052689536309305
-1.6636748038335516
0.12584961806041178
1.7700588548560412
-1.1271395592561406
-0.001417281330047202
-0.0016681956652850258
-0.10820171903900569
0.2687002261528987
-0.10102341519818135
-1.657094287763233
0.12640531205355265
1.769961468122056
-1.1297422958276129
-0.0014206396073186555
-0.0015991174186326253
-0.10942014055492862
0.2769478292442197
-0.10150166475834861
-1.6501842115749308
0.12697677232989188
1.7698849438312085
-1.132384768797049
-0.0013677336353578164
-0.0014953758111264609
-0.11065577867377405
0.2854392498004351
-0.10195831425488529
-1.6430424854866728
0.12755689955823754
1.7698057311134927
-1.1350308994260363
-0.0012825587903243882
-0.0013744183734616582
-0.11189482054585112
0.2940567057264045
-0.10239111855676837
-1.6357518134688287
0.12813964043627948
1.7697057807116825
-1.1376514358661167
-0.0011810066591649811
-0.0012475729357044611
-0.1131259892019362
0.3027035143981169
-0.10279872601546422
-1.6283819730951885
0.1287198733627966
1.7695717498720218
-1.1402229984274563
-0.001073406674421022
-0.0011216936304348879
-0.11434016458770101
0.3113009509909466
-0.10318050673687298
-1.6209916690234014
0.12929330668772335
1.7693942511293754
-1.1427272269398208
-0.0009659305336683099
-0.0009976084210408047
-0.11553005658501901
0.31978535215525355
-0.1035364112946513
-1.613630354289869
0.12985638269914862
1.7691673126144751
-1.145150060944887
-0.0008581358948914853
-0.0008759856540833366
-0.11668992798379374
0.32810592133183664
-0.10386683694527873
-1.6063393933068617
0.13040619661169692
1.7688877038735271
-1.1474810604938375
-0.0007497093132468851
-0.000757358117281264
-0.11781535509215758
0.33622272335342485
-0.10417251957765768
-1.5991532054072874
0.13094042007552364
1.768554425086334
-1.149712831633129
-0.0006404444037458245
-0.0006421447466845572
-0.1189030220694774
0.344104970885702
-0.10445444320631435
-1.592100230776026
0.13145723153913813
1.7681682580417197
-1.1518405247223746
-0.0005302232294897633
-0.0005306691193705239
-0.11995054422528013
0.35172956086771356
-0.10471376516249148
-1.5852037499847158
0.13195525282380507
1.7677313752440855
-1.1538613981874835
-0.0004190004926456573
-0.0004231751544545389
-0.12095631626555024
0.359079825109657
-0.10495175509662556
-1.5784825826408673
0.13243349140841731
1.7672470029937744
-1.1557744408153545
-0.0003067901434219023
-0.00031984040704743076
-0.12191938206644726
0.3661444643510476
-0.10516974595727309
-1.5719516859380698
0.132891288020637
1.7667191339681483
-1.157580046202423
-0.00019365406333161925
-0.00022078729870930264
-0.12283932304736934
0.37291663948963977
-0.10536909522182342
-1.5656226700115194
0.13332826919259247
1.7661522846942799
-1.1592797334724843
-7.969251993739755e-05
-0.00012609258700833057
-0.12371616262453497
0.37939319746386535
-0.10555115479870456
-1.5595042438319793
0.13374430447675134
1.7655512933124957
-1.1608759088734775
3.496387081470185e-05
-3.579533786053933e-05
-0.12455028457051315
0.38557401249893286
-0.10571724818166907
-1.553602602794913
0.13413946803772786
1.7649211531498126
-1.162371663342785
0.0001501609026991494
5.009637154729586e-05
-0.1253423633974286
0.39146142618742713
-0.10586865360190656
-1.5479217670775776
0.13451400434513952
1.7642668778244215
-1.1637706015913647
0.0002657264534664242
0.00013159982376588887
-0.12609330513163644
0.3970597722369051
-0.10600659208494781
-1.542463878157324
0.13486829769607947
1.7635933938618662
-1.1650766986949506
0.0003814752423392791
0.00020875293916011083
-0.12624751306079468
0.4032305470963992
-0.1056704021547391
-1.536807666227241
0.1353169434269869
1.7632732487883602
-1.1654946541429634
0.00048169730432635774
0.00029712582770100043
-0.12591845260639586
0.409812125206234
-0.10496774047317478
-1.5310194656630696
0.13583535631182678
1.7632269646450014
-1.1651879392954605
0.000569689247471503
0.0003932899866639492
-0.12520234439577071
0.41667193488073917
-0.10398774736299365
-1.525152410255087
0.13640293179553845
1.7633873734521985
-1.164296474560557
0.0006482197228399784
0.0004943523025724839
-0.12418055125890282
0.4237015569978775
-0.10280387290563411
-1.5192492878112305
0.1370025668377533
1.7636981834687793
-1.1629396239004488
0.0007195859293552366
0.0005978985385853788
-0.12292165222816231
0.43081263051749913
-0.10147629981116242
-1.5133447942324934
0.1376202147060131
1.7641126579161461
-1.1612188420842964
0.0007856714388066154
0.000701935509060577
-0.12148324350363657
0.4379334441285729
-0.10005401886090678
-1.5074672917790506
0.13824447655400998
1.7645924050871458
-1.1592200129195815
0.0008480018830754182
0.0008048353902969927
-0.119913501045386
0.44500610598576584
-0.09857660475063777
-1.5016401656008742
0.13886623083932895
1.7651062775737705
-1.1570155119161047
0.0009077965683452729
0.0009052840976889583
-0.11825253499464752
0.4519841969889285
-0.0970757335246071
-1.495882860109768
0.1394783002842144
1.7656293771304097
-1.1546660230260304
0.0009660150747420422
0.0010022346683320673
-0.1165335623309524
0.45883082626816935
-0.09557647718699608
-1.4902116640661205
0.14007515511967975
1.7661421606176553
-1.152222135962201
0.0010233985347016562
0.001094865954769012
-0.11478392090825064
0.4655170198205204
-0.094098406294956
-1.484640301285388
0.1406526507070393
1.766629641621373
-1.1497257479243648
0.0010805056753952793
0.0011825465443983582
-0.11302594518064091
0.4720203842787369
-0.09265652722409053
-1.4791803731216717
0.14120779722960938
1.7670806817311622
-1.1472112912262962
0.00113774393933178
0.0012648035907415094
-0.11127772145221741
0.4783239974624449
-0.09126207724054997
-1.4738416895544904
0.1417385589284621
1.7674873650789993
-1.1447068062304722
0.0011953961176251315
0.0013412961226131636
-0.10955373830922477
0.48441548567890585
-0.08992319742815862
-1.468632517808743
0.14224368026970546
1.7678444495555665
-1.1422348771070336
0.0012536429801515972
0.0014117923475785046
-0.1078654459728772
0.4902862547917817
-0.08864550083651274
-1.4635597708937749
0.1427225364384704
1.7681488881056953
-1.139813446206634
0.0013125823919088746
0.0014761504609907845
-0.10622173661413276
0.49593084798644377
-0.08743255088169061
-1.4586291531193658
0.14317500562793795
1.768399413622253
-1.137456521251669
0.0013722453830601977
0.0015343024936922516
-0.10462935617046713
0.5013464080693854
-0.08628626299915607
-1.45384527537682
0.14360136070915408
1.768596181178764
-1.1351747880940473
0.001432609603358501
0.0015862407681951974
-0.10309325687706837
0.5065322261872716
-0.08520724077958167
-1.4492117496023518
0.1440021780134682
1.7687404616377227
-1.1329761404511054
0.0014936105478141482
0.0016320065769360901
-0.10161689855203718
0.5114893621699348
-0.08419505627910566
-1.4447312692167724
0.14437826112270097
1.7688343810205782
-1.1308661368076394
0.0015551508946916512
0.0016716807419235292
-0.1002025056407151
0.5162203244103735
-0.08324848285688584
-1.4404056803240621
0.14473057773410566
1.7688807004073925
-1.1288483935553932
0.0016171082523455621
0.0017053757596334094
-0.09885128611357882
0.5207287993982167
-0.08236568772940193
-1.4362360469329443
0.14506020784154014
1.7688826315334543
-1.1269249224260378
0.001679341569853048
0.0017332292765229373
-0.09704375639561348
0.5259689139322474
-0.08140289108908028
-1.4315728490608544
0.14487527852230087
1.7691680223355029
-1.1244750961766177
0.0017294686469695915
0.0017676264599393687
-0.09488392383708773
0.5317654955441293
-0.08039703133762903
-1.4265177270844505
0.14427959593258072
1.7696573476588486
-1.121623017787963
0.0017701097293970232
0.0018059567538093936
-0.09245936210442285
0.5379726828001034
-0.07937732242540627
-1.4211559180737354
0.14336049289541702
1.7702837787601524
-1.118473077536146
0.0018034321015334583
0.0018460686427702242
-0.08984349848274141
0.5444692127925348
-0.07836650562976337
-1.4155593100442148
0.14219126587704328
1.7709918607424524
-1.11511269668227
0.0018312151919772119
0.0018862043676088828
-0.08709760062546286
0.5511544746491565
-0.07738192831869933
-1.4097888836525585
0.14083325586380335
1.7717362429196233
-1.1116147155169733
0.001854908256093878
0.0019249420907590676
-0.08427250203933448
0.5579452077716557
-0.07643647112933395
-1.4038966549814467
0.13933762457247684
1.7724804730923491
-1.108039467347332
0.0018756809094858497
0.001961145224479493
-0.08141009995035896
0.5647727401748477
-0.07553934229154656
-1.3979272165404095
0.1377468705635813
1.7731958653590676
-1.104436576788974
0.0018944670175606716
0.001993918407907187
-0.07854465459859028
0.5715806777273169
-0.07469675560634725
-1.3919189579133386
0.13609612363570694
1.773860448754629
-1.1008465170922919
0.0019120025554537185
0.002022569513558353
-0.07570391519728138
0.5783229689467368
-0.07391250670587676
-1.3859050332508798
0.13441425038033528
1.7744580013758122
-1.0973019575097807
0.0019288580869779237
0.002046577031739359
-0.07291009457717246
0.5849622821617925
-0.07318846058876638
-1.3799141303109186
0.13272479895231015
1.774977172103334
-1.0938289281071583
0.0019454665010295844
0.002065562193061631
-0.07018071178663654
0.591468642344502
-0.07252496198417328
-1.3739710850421294
0.13104680691999113
1.7754106897705326
-1.0904478260555386
0.001962146607996353
0.0020792652260539918
-0.0675293195385742
0.5978182838514877
-0.07192117881289242
-1.3680973767022513
0.12939549244782178
1.7757546577514274
-1.0871742843782126
0.0019791231493120035
0.002087525196801458
-0.064966131318124
0.6039926828427927
-0.07137538785930686
-1.3623115310522993
0.12778284597381
1.776007930467639
-1.0840199213866153
0.0019965437180865064
0.002090262933041852
-0.06249856114270689
0.6099777394410179
-0.07088521072585624
-1.3566294530867216
0.12621813691527925
1.77617156722633
-1.0809929866233634
0.0020144930325438452
0.0020874665914800434
-0.06013168736133722
0.615763084920676
-0.07044780719924913
-1.3510647058568854
0.12470834770991585
1.7762483580598576
-1.0780989170180209
0.0020330049497714634
0.002079179481349484
-0.057868650465405146
0.6213414935368304
-0.07006003230499362
-1.3456287480377378
0.12325854562079962
1.776242415792432
-1.075340815127373
0.002052072556722614
0.0020654898078042603
-0.055710993635590206
0.6267083821575105
-0.06971856255618478
-1.3403311398068911
0.12187220115355016
1.7761588283577825
-1.0727198597467962
0.002071656629387628
0.002046522044716149
-0.053658953650174014
0.6318613837832833
-0.06941999620741406
-1.3351797242025687
0.12055146060590334
1.7760033653848644
-1.0702356578126442
0.0020916927098918055
0.0020224296875657743
-0.051711708812301235
0.6367999834295891
-0.06916093169956704
-1.3301807892727826
0.11929737915524197
1.7757822332108453
-1.067886545338649
0.0021120970149683615
0.0019933891733814072
-0.04986758970309971
0.6415252068064647
-0.0689380279211103
-1.325339214913315
0.11811011995336404
1.775501872732597
-1.0656698441158088
0.002132771357563046
0.001959594786329178
-0.04747225703028018
0.6437453297133954
-0.0687831374753071
-1.3253313466859968
0.11672995930818307
1.7780662288584876
-1.0630460107318598
0.0021683175968666268
0.0019065440339825657
-0.04464734537372906
0.6438771818212361
-0.06869368173270013
-1.3293078032973853
0.11520941811265545
1.7829634291604717
-1.0601156901067166
0.002215659495802665
0.0018374150042853542
-0.04149590433076015
0.6422909490989616
-0.06866547681860273
-1.3365214005452548
0.11359171354279361
1.7897455495646535
-1.0569602426339002
0.0022723111951712767
0.001754798933194279
-0.038104890353911104
0.6393137225913021
-0.06869335985806987
-1.346317593592714
0.11191218239273881
1.7980219921277114
-1.0536453547507136
0.0023361914735411738
0.0016608855409898534
-0.03454733880380055
0.6352326487763473
-0.06877165300278595
-1.3581262225328454
0.11019949860261824
1.807453715684971
-1.0502240406971812
0.002405502683381644
0.0015575837530858632
-0.03088426265346095
0.6302978931147482
-0.06889449963981058
-1.3714540584839034
0.10847671915810794
1.817748087453629
-1.0467391080210697
0.0024786548405113635
0.0014465973160224022
-0.027166314875297283
0.6247255383289021
-0.069056101372939
-1.385877837707478
0.10676218480021006
1.8286541965981469
-1.0432251605919967
0.0025542203366401054
0.001329469827972276
-0.023435244335575776
0.6187004698893853
-0.06925087918465246
-1.4010376169962908
0.10507029601868662
1.8399585293547458
-1.0397102103905222
0.0026309085842276822
0.0012076098656565403
-0.019725169715498068
0.6123792534778835
-0.06947357759706109
-1.4166303857208657
0.10341218047957604
1.851480948649749
-1.0362169641314731
0.0027075528858039183
0.001082303908614602
-0.0160636921706636
0.605892980529244
-0.06971932668171915
-1.4324039338035297
0.10179626505574466
1.8630709502780365
-1.0327638438658753
0.002783104134867655
0.0009547224484514484
-0.012472864718877867
0.5993500444762672
-0.06998367343593528
-1.4481510083909723
0.10022876363754062
1.874604184997274
-1.0293657929795794
0.0028566277300952
0.0008259228973568145
-0.008970034347817237
0.5928388077102179
-0.07026259132507069
-1.4637038036536676
0.09871409057066273
1.885979244264833
-1.0260349111840854
0.002927301415052656
0.0006968515806915861
-0.005568571279176674
0.5864301235315148
-0.07055247462911879
-1.4789288257367024
0.09725520863601812
1.8971147096633534
-1.0227809546817102
0.0029944127224922606
0.0005683461322692415
-0.0022784985216439896
0.5801796852571409
-0.07085012254880986
-1.4937221647090582
0.09585391976200765
1.9079464647578048
-1.019611730991567
0.003057355377107105
0.00044113893670728616
0.0008929663266024099
0.574130183819112
-0.07115271673595396
-1.5080051919836766
0.09451110602252501
1.9184252650433973
-1.0165334120927019
0.003115624457312699
0.0003158618169481647
0.003940946166048582
0.5683132641000322
-0.07145779493341957
-1.5217206881120386
0.0932269278577714
1.9285145580393055
-1.0135507846076075
0.0031688103912939788
0.00019305189071222633
0.006862506569803389
0.5627512780399494
-0.07176322267145467
-1.5348293938315272
0.0920009858320357
1.9381885422271343
-1.0106674516695942
0.00321659201265034
7.315836982300674e-05
0.009656316251210445
0.5574588388279663
-0.07206716441144018
-1.5473069675785367
0.09083245160916423
1.9474304508257285
-1.007885997805692
0.0032587289650596375
-4.344998751891931e-05
0.012322333069133343
0.5524450300194368
-0.07236803031370881
-1.5591400872125747
0.08972016427845508
1.9562303362654145
-1.0052080303550428
0.003295047119282891
-0.00011311740150818531
0.014861621232981556
0.5477124284385217
-0.07266451327381161
-1.5703273094208614
0.08866273788022304
1.964585559343712
-1.0026345404876302
0.0033254475084464365
-0.00015142029932747398
0.01769112168791366
0.5455020362133192
-0.07280279888428358
-1.5781102760140506
0.0873192736760922
1.972109250148174
-0.9993625574426983
0.0033238765783146326
-0.00016119255458388153
0.020730136613331035
0.5453730192960535
-0.07282323291568538
-1.583026191857908
0.08575839463696035
1.9788545642492426
-0.9955522348681181
0.0032958571051250464
-0.00014787936076869656
0.023911333641409346
0.5469485508014491
-0.07275932899973979
-1.5855367566392329
0.08403718125684412
1.9848723474967183
-0.9913395402611599
0.0032462205531499353
-0.00011623229444265253
0.02717876508671058
0.5499071264854763
-0.0726385914397798
-1.5860383793538604
0.08220303019847962
1.9902112766126947
-0.986839392609673
0.0031791520546459494
-7.035441219000409e-05
0.030486189026391955
0.5539749905144716
-0.07248327915278169
-1.5848711583426018
0.0802952144091409
1.994918025461512
-0.9821484186266761
0.0030982469665279803
-1.3756928931985988e-05
0.03379563971211872
0.5589195515103293
-0.07231111032460767
-1.5823267056008696
0.07834618407124311
1.9990374125975106
-0.9773473729574831
0.0030065716886080395
5.057983880297836e-05
0.037076206101715865
0.5645436719787421
-0.07213590770967075
-1.578654921624755
0.07638264763142132
2.002612511680224
-0.9725032626657307
0.0029067243004352004
0.00012014570858835868
0.040302985532633936
0.5706807225964259
-0.07196818484908662
-1.5740698362090608
0.07442646935600127
2.0056847212118676
-0.9676712116339585
0.002800892412400886
0.00019284265188672747
0.0434561857106265
0.5771903033037967
-0.07181567397786472
-1.5687546293170067
0.07249541571738312
2.0082937979396753
-0.9628960962478231
0.002690906803043675
0.00026693102659488437
0.04652035290051442
0.5839545440432464
-0.07168379701763572
-1.562865939202783
0.07060377828801946
2.010477861850122
-0.9582139798806579
0.0025782901644722744
0.00034098070093765585
0.049483707904560414
0.5908749084443163
-0.07157608172585678
-1.5565375552942744
0.06876289624496505
2.012273381695186
-0.953653370260285
0.0024643007516080345
0.00041382727344326203
0.052337574377214965
0.5978694333878598
-0.07149452571391345
-1.5498835826744184
0.06698159737958724
2.013715149549943
-0.9492363207734166
0.0023499710244051526
0.0004845333002192398
0.05507588643923635
0.6048703460346014
-0.07143991159403379
-1.5430011543521431
0.06526657281878614
2.0148362517179867
-0.9449793941223643
0.0022361415471490956
0.0005523542657591673
0.057694764545915815
0.6118220075653101
-0.07141207693224293
-1.5359727574533104
0.06362269754724248
2.0156680418200765
-0.940894504461901
0.002123490505710808
0.0006167089366936294
0.060192150221479716
0.6186791396027915
-0.07141014295756208
-1.5288682302746264
0.0620533062613062
2.0162401203878395
-0.9369896521728469
0.0020125592489597974
0.0006771536925381638
0.06256749165836296
0.6254052951525026
-0.071432706108933
-1.5217464789437014
0.06056043203380812
2.0165803238878097
-0.9332695637330268
0.0019037742723460442
0.0007333604156526378
0.06482147334392342
0.6319715410007702
-0.07147799650483952
-1.514656955228317
0.05914501365737025
2.016714724895688
-0.9297362476863472
0.0017974660521255454
0.0007850975321336234
0.06695578385595165
0.6383553229383304
-0.07154400731666424
-1.5076409307907082
0.05780707628883612
2.016667644153363
-0.9263894764505028
0.001693885116154117
0.000832213817886876
0.06897291679259336
0.6445394890170221
-0.07162859883848921
-1.500732597810563
0.05654588906922812
2.016461674470283
-0.9232272026110087
0.0015932157073086906
0.0008746246139709762
0.07087600049743292
0.6505114493754868
-0.07172958079630508
-1.4939600213121558
0.05536010267929836
2.01611771585847
-0.9202459173962072
0.0014955873622907836
0.0009123001285894022
0.07290355210267212
0.6546313002048005
-0.07207789557958288
-1.4910677672066517
0.053819990289712946
2.0179734867101553
-0.9174854026689132
0.0014211865378472336
0.00092515369381234
0.07501743346204386
0.6571879721994286
-0.07262459367610458
-1.4913856198860724
0.05201002556747824
2.02163029385075
-0.9149253844037899
0.001365639826937099
0.0009176584733389572
0.07718580932697273
0.658437298041917
-0.07332845394727519
-1.494330415367529
0.04999995684676794
2.026742292131592
-0.9125457393805164
0.0013253547978636262
0.00089350655284887
0.07938221989836267
0.658604868389545
-0.07415485362418135
-1.4993961563331135
0.0478471531305136
2.0330102854203016
-0.9103271558986629
0.0012973408437529964
0.0008557879553827475
0.08158478556418616
0.6578886167932969
-0.07507478862856745
-1.5061454445159739
0.04559860322252007
2.0401763231194914
-0.9082515955593058
0.0012790799249228642
0.0008071197676613874
0.08377552667233495
0.6564612232049898
-0.07606402867968334
-1.5142019202225658
0.043292613529286615
2.048018941916383
-0.9063025857162983
0.0012684331991625033
0.0007497393835276652
0.0859397822723413
0.6544723876792943
-0.07710239156869847
-1.5232434945504132
0.0409602454706106
2.0563489400811723
-0.9044653739515509
0.001263573167244008
0.0006855722382098227
0.08806571343227716
0.6520509989700373
-0.07817312184594313
-1.5329962305641645
0.03862652885686942
2.0650056008671585
-0.902726974753544
0.0012629337353299462
0.0006162816323338636
0.09014387858555845
0.6493072052057214
-0.07926236041365278
-1.5432287793633896
0.03631148326526902
2.0738533033728603
-0.9010761356739727
0.0012651727019715
0.0005433061381492932
0.0921668701601281
0.6463343837053737
-0.08035869287411698
-1.553747309961615
0.03403097547296444
2.082778474849338
-0.8995032464728113
0.0012691427628301766
0.00046788849464327547
0.09412900337657748
0.643211002298718
-0.08145276582145891
-1.5643908923551217
0.03179743740726003
2.0916868491946303
-0.8980002107378355
0.0012738683064766985
0.0003910987177604466
0.09602604952752508
0.640002363507657
-0.08253696152787979
-1.5750273047349643
0.029620465844879314
2.1005010035104568
-0.8965602955692188
0.001278526140599518
0.00031385328583710746
0.09785500726284568
0.6367622242140608
-0.08360512263972796
-1.5855492414594585
0.02750732221273418
2.109158149168957
-0.8951779713809063
0.0012824289120981656
0.00023693163617394475
0.09961390641992789
0.633534285909205
-0.08465231955882875
-1.5958709004356968
0.025463348286336434
2.11760815670205
-0.8938487507999536
0.001285010424716851
0.0001609907685131243
0.10135432697903968
0.6306516553929836
-0.08576219555488576
-1.6051393678234018
0.023566294132066685
2.1250607858377424
-0.8926071758450321
0.0012829640236950452
8.94267854270077e-05
0.1030684328853704
0.6280806361790566
-0.08691685969612921
-1.6134636320372826
0.021806920389612756
2.131634777407048
-0.8914453109092013
0.001276458427504086
2.215832403667343e-05
0.10474966406286956
0.6257901552024824
-0.08810091953923614
-1.6209417393703882
0.02017643394905588
2.1374346606260337
-0.8903564801576676
0.0012657019973492418
-4.0936832236291535e-05
0.10639256135049885
0.62375206940579
-0.08930118243428077
-1.6276612854153327
0.018666488461257312
2.142552211029105
-0.8893349899369534
0.0012509258591560614
-7.798308008542066e-05
0.10799271950195061
0.6219401587414289
-0.09050647727565628
-1.633701571219856
0.017269169864712823
2.147068590493567
-0.8883759686749488
0.001232380511761743
-9.768161041162308e-05
0.10954661745540557
0.6203306437991793
-0.09170737997254372
-1.6391335954501511
0.015976989721482787
2.151055220387266
-0.8874751704387198
0.0012103229260212777
-0.00010601725774773456
0.11140799118802497
0.6195751201055488
-0.09297536521348912
-1.6436664647628858
0.014415612656047773
2.1549225053622134
-0.8861824827366649
0.0011799538315706453
-0.00010671805075036439
0.11350457366418014
0.6195205683670386
-0.09429228308534793
-1.6474216511116953
0.01265462447527798
2.158652012646769
-0.8845807945180466
0.0011426181335874772
-0.00010108093236651536
0.11577375777383407
0.6200369156963809
-0.09564032445183612
-1.6505049570953343
0.010750510760098808
2.1622302899235506
-0.8827393439795392
0.0010994945916879089
-9.023688326098708e-05
0.1181614879544284
0.6210137379541388
-0.09700237023189709
-1.6530085592598072
0.00874877472737157
2.16564806714609
-0.8807157971855917
0.0010516124586177024
-7.516762209859408e-05
0.12062127203029893
0.6223574338754179
-0.09836223825551556
-1.6550127807806896
0.006685724252425678
2.1688995658874406
-0.8785580068132773
0.000999867804999527
-5.67219847393971e-05
0.1231132983439046
0.6239888038961103
-0.09970484773434318
-1.6565876277016225
0.004589981536902607
2.171981901713766
-0.876305502671335
0.0009450389557057636
-3.563141026646853e-05
0.12560364591240494
0.6258409757098095
-0.10101631807054452
-1.6577941197076758
0.002483759547735082
2.1748945676268003
-0.8739907568752832
0.0008878007330250954
-1.252423054989732e-05
0.12806357734310425
0.6278576266573292
-0.10228401591217633
-1.6586854430322904
0.0003839417483545316
2.177638988507843
-0.8716402592938645
0.0008287373754059105
1.2061366903460754e-05
0.1304689057687049
0.6299914601210441
-0.10349656198027676
-1.6593079497803145
-0.0016970045388753335
2.1802181379288696
-0.8692754328793942
0.0007683541098664476
3.7665724144783525e-05
0.1327994282501426
0.6322028992417542
-0.10464380717957968
-1.6597020248377798
-0.0037502558332690983
2.1826362098150347
-0.8669134135462732
0.0007070874225375026
6.38974012328136e-05
0.13503841903444708
0.6344589665860891
-0.10571678580631919
-1.6599028387030412
-0.005769980062018395
2.184898338343719
-0.8645677151867638
0.0006453141097121331
9.042408540373218e-05
0.13717217681391808
0.6367323229607499
-0.1067076522353864
-1.6599410020413345
-0.007752786159287464
2.1870103602133435
-0.8622487970570382
0.0005833592110184848
0.00011696461928659228
0.1391896207581774
0.6390004424867367
-0.10760960626465789
-1.6598431355362402
-0.009697260632965173
2.1889786140538696
-0.8599645480001393
0.0005215029335455812
0.0001432820393351223
0.14108193061612262
0.6412449043966746
-0.10841681128241648
-1.6596323666716326
-0.011603578321121685
2.190809772308877
-0.8577206996884069
0.0004599866754240545
0.0001691775160064682
0.14284222663468923
0.6434507848782822
-0.10912430857556563
-1.6593287634026783
-0.013473176460830277
2.1925107014151743
-0.8555211791775461
0.0003990182525100469
0.0001944850920857007
0.14446528543306025
0.6456061347254926
-0.10972793038742269
-1.6589497132367845
-0.015308482780316478
2.1940883465522556
-0.8533684094953748
0.00033877642444959954
0.0002190671229297119
0.14594728831714146
0.6477015306360842
-0.1102242137436115
-1.6585102550168498
-0.017112689660413766
2.195549637638568
-0.8512635656813148
0.00027941480783183037
0.00024281033097087483
0.1472855988288842
0.649729689763529
-0.1106103165753936
-1.6580233696525266
-0.018889567539838673
2.1969014136197798
-0.8492067925999736
0.0002210652552196635
0.0002656223957348698
0.14847856660504158
0.6516851386366251
-0.110883937266674
-1.657500235155278
-0.020643311697960673
2.1981503624296366
-0.8471973899349277
0.0001638407701035288
0.0002874290093634798
0.14952535487506594
0.6535639288425283
-0.11104323842102409
-1.6569504505771466
-0.02237841736800668
2.1993029743092407
-0.845233968995712
0.00010783801956640823
0.00030817133588292525
0.15059283321667924
0.6555406102572752
-0.11125426957182345
-1.6567032176878898
-0.024551479531131532
2.200671448936128
-0.8430416350144041
5.619598460813194e-05
0.0003247473342918045
0.15164016855825757
0.6575759802703168
-0.11147229758129672
-1.6566985407636818
-0.027082763205318848
2.202201444292762
-0.8406653962209895
8.272467526507835e-06
0.00033783537474914007
0.15263076416190263
0.6596381250172153
-0.1116567542893537
-1.6568857959658596
-0.029908382002055877
2.203847152619598
-0.8381409229084467
-3.646414377734708e-05
0.0003480023269540156
0.15353193317231573
0.6617009065610754
-0.1117709904968148
-1.6572228116976275
-0.03297775593516348
2.2055703323682363
-0.8354961713676331
-6.24027152072043e-05
0.0003557197998468773
0.15431454020152163
0.6637435656411129
-0.11178201032409207
-1.657673883681513
-0.03625135398274748
2.2073388360176454
-0.8327527699277375
-7.585923325914703e-05
0.0003613841994331816
0.1549526876814781
0.6657494134247441
-0.11166018516737616
-1.6582094072036409
-0.039698903868797264
2.2091260433885136
-0.8299271247155576
-8.11730474835792e-05
0.0003653255918865805
0.15542339213858286
0.6677051429238282
-0.1113789599588376
-1.6588049960381908
-0.04329783587194455
2.2109100706399123
-0.8270313485354728
-8.130870687457045e-05
0.00036781824571466173
0.15570627372404697
0.6696002600061407
-0.11091455960312444
-1.6594407167598164
-0.047031971848988025
2.212673080874078
-0.8240740273193069
-7.827662979547405e-05
0.00036908946702809384
0.15578326152113842
0.6714266139210326
-0.1102457010927102
-1.6601004243255306
-0.050890422744594266
2.2144006839525345
-0.8210608518107145
-7.34268780505814e-05
0.00036932704096814866
0.15563831637936137
0.6731780103458135
-0.109353315548056
-1.6607711866317703
-0.054866663122674145
2.216081414591497
-0.8179951377104546
-6.765408184409881e-05
0.00036868552236248784
0.15525717240616763
0.6748498926993839
-0.10822028337996137
-1.6614427872439061
-0.0589577557675459
2.2177062790905766
-0.8148782537099405
-6.154018485533256e-05
0.0003672915671385844
0.15462709765994084
0.6764390760678839
-0.10683118462035124
-1.6621073018832153
-0.06316370398710114
2.219268364896727
-0.8117099732433785
-5.521157646304075e-05
0.00036524842824630044
0.1537366745328042
0.6779435375472117
-0.10517206694699963
-1.6627587217298663
-0.06748690938358488
2.2207624957240406
-0.8084887647076261
-4.8748707973447785e-05
0.00036263984707031986
0.1525755996561466
0.679362238306451
-0.10323023152806302
-1.6633926385172801
-0.07193172102466995
2.2221849375018543
-0.8052120299240947
-4.221535549104793e-05
0.00035953331197963845
0.15113450303967407
0.6806949774159794
-0.10099403756458646
-1.6640059756843342
-0.07650406046632519
2.223533144529966
-0.8018763006566656
-3.566139359218163e-05
0.0003559828222682939
0.1494047860440865
0.6819422723565527
-0.09845272581155133
-1.664596759182005
-0.08121111015869775
2.224805540450089
-0.7984774009445947
-2.9125149702139167e-05
0.0003520312319213318
0.14737847767956394
0.683105261667306
-0.09559626106781002
-1.6651639228226636
-0.08606105463292275
2.2260013295877408
-0.79501058165738
-2.2635399011175774e-05
0.00034771223317385525
0.1450481086601447
0.6841856260373411
-0.09241519343409321
-1.6657071436270996
-0.09106286539284762
2.22712033474688
-0.7914706325951886
-1.621305112471705e-05
0.0003430520311838699
0.14240660261774363
0.685185524830788
-0.088900538008616
-1.6662267031425897
-0.09622612174096937
2.228162858012632
-0.7878519765643988
-9.872572437363366e-06
0.0003380707539217149
0.13944718388186786
0.686107545586372
-0.08504367261072408
-1.6667233711762257
-0.10156086088376767
2.2291295615403337
-0.7841487491210024
-3.6231821350040975e-06
0.0003327836352795233
0.13653776664414444
0.6869555106876918
-0.08079466758438977
-1.6677856804440814
-0.10766907783520806
2.2302650797309798
-0.7796291060688598
8.124026848972595e-06
0.0003216081228119279
0.13357398724814212
0.6877289222651927
-0.07613223566456206
-1.6692966480061981
-0.11446440783143746
2.2315228315519757
-0.774413457223327
2.410722991301775e-05
0.00030581309791340134
0.13046328029915
0.6884292644504999
-0.07103268768151913
-1.6711576361824858
-0.12187937313534934
2.232862258187476
-0.7686001797955144
4.3279861844207976e-05
0.00028645248202614033
0.12712364197137233
0.6890595409654641
-0.06547099080698784
-1.6732859277783227
-0.12986210998704328
2.2342481636408285
-0.7622692271961923
6.477429615113951e-05
0.00026440147659309327
0.12348253275589113
0.6896239465709624
-0.05942160558564755
-1.675612590935504
-0.13837358725001997
2.235650099294788
-0.7554851888024732
8.787244895437606e-05
0.00024038592104614877
0.11947591258320871
0.6901276442953507
-0.0528591500746903
-1.6780806007595384
-0.14738523892664218
2.237041793552886
-0.7482998861231159
0.00011198174732320713
0.00021500631060881575
0.11504740164732633
0.6905766244001286
-0.04575893210081009
-1.680643189193657
-0.1568769440061763
2.238400627125202
-0.740754578951836
0.00013661530231632037
0.00018875762198035693
0.11014756046860709
0.6909776247808346
-0.03809738399274284
-1.6832623979366017
-0.16683529693890875
2.2397071539396136
-0.7328818444249777
0.00016137541833395044
0.00016204580814625482
0.10473328280591258
0.6913380958105824
-0.02985242817050423
-1.6859078118752722
-0.17725212061621365
2.240944667135457
-0.7247071824077438
0.00018593978262227087
0.00013520161432176202
0.09876729497969099
0.6916661954645917
-0.02100379663247008
-1.688555452743548
-0.188123181258311
2.242098809166761
-0.7162503922690504
0.0002100498337314518
0.0001084922139970489
0.09221775499355031
0.6919708029236266
-0.0115333226118063
-1.69118681466373
-0.1994470712212182
2.2431572247160956
-0.7075267587808772
0.00023350092131468048
8.213105165730254e-05
0.08505794453065041
0.6922615407827523
-0.001425218394349101
-1.6937880249633765
-0.21122423156223535
2.2441092548908554
-0.6985480784889605
0.00025613395339363907
5.62861957165739e-05
0.07726604644032699
0.6925487975489195
0.009333650580893348
-1.696349115240555
-0.22345609135916894
2.2449456710257416
-0.6893235523395556
0.0002778282894334942
3.1087443373989645e-05
0.06882499971187879
0.6928437433664891
0.020753488754420773
-1.6988633891064522
-0.2361443053529195
2.2456584463280396
-0.6798605655089192
0.000298495684260764
6.6323725982092e-06
0.05972242315789787
0.693158332938128
0.03284128729166977
-1.7013268743848324
-0.24929007554761246
2.24624056355432
-0.6701653711763595
0.00031807512331908896
-1.7008498950264857e-05
0.049950663978440855
0.6935054270573333
0.045600464399779446
-1.703737660384674
-0.2628934762029294
2.2466857617834997
-0.6602437419878949
0.0003365273071450396
-3.0790178382216464e-05
0.03950667002094187
0.6938984041555404
0.059030740918471464
-1.7060959700553588
-0.27695308518181583
2.2469886551161955
-0.6501013733031217
0.00035383376289805106
-3.8016863666041946e-05
0.028392157858178252
0.6943513416136987
0.07312774042643835
-1.7084034692689758
-0.29146539418462547
2.247144466782154
-0.6397444265018375
0.00036999162908805624
-4.095979460039686e-05
0.01661370185942878
0.6948789137580488
0.08788270776596781
-1.7106629721214792
-0.3064243913073975
2.247148969155365
-0.6291799278931792
0.00038501101155941206
-4.117161770108821e-05
0.004182833398530662
0.6954962624831315
0.10328224532949229
-1.7128781824952786
-0.3218212008623148
2.2469984478081324
-0.6184161103512438
0.00039891271786994694
-3.9706146038255615e-05
-0.00871535041302804
0.6966472745619791
0.11912518789141915
-1.7148927031022239
-0.33819418865051304
2.2467508244485344
-0.6070974959815523
0.00041128042771097404
-3.7402998217781124e-05
-0.022097123125253307
0.6982599723366045
0.1354308359973001
-1.716740963378259
-0.3554304828005545
2.2463856922699224
-0.5952995131495262
0.0004222017903173408
-3.435328419764327e-05
-0.03596731704163639
0.7002761270887138
0.15220605561886646
-1.718453769194245
-0.37342970288000754
2.245885278137901
-0.5830893944000655
0.00043177638770992626
-3.065914166070421e-05
-0.050319624121717206
0.7026489555017192
0.16944555867067615
-1.7200586619911125
-0.39210058801294356
2.245234405554436
-0.5705283573042282
0.0004401102012964689
-2.6428214388608047e-05
-0.06513704216690414
0.7053410773331861
0.18713235707183845
-1.7215802103236426
-0.4113582785732924
2.244420464155233
-0.5576733354095422
0.0004473116678949003
-2.176971638227471e-05
-0.08039247290186534
0.7083226996617115
0.2052383931715255
-1.7230402451842095
-0.4311221820345507
2.2434333845061776
-0.5445783113907909
0.0004534889198620636
-1.6791681075383125e-05
-0.0960494749339988
0.711570002061215
0.22372534645082692
-1.724458049686974
-0.451314361730946
2.2422656149096056
-0.5312952985488802
0.0004587478934049224
-1.1599082478185445e-05
-0.11206316941650388
0.7150637048697668
0.24254561169575423
-1.7258505128711585
-0.4718583923733496
2.240912095462303
-0.5178750128236101
0.00046319105833475126
-6.292582973893478e-06
-0.12838128981096908
0.7187878090960403
0.26164343760881026
-1.7272322565586278
-0.4926786287848373
2.2393702237445297
-0.5043672751338185
0.00046691657654986807
-9.67715598786173e-07
-0.1449453599130743
0.7227285012540008
0.28095620760977014
-1.7286157433739027
-0.513699835148193
2.237639806268745
-0.49082118271396386
0.00047001773945472205
4.2856491185370585e-06
-0.16169197690240014
0.7268732194388778
0.300415837055561
-1.7300113731857587
-0.5348471217938907
2.235722990159093
-0.4772850877093249
0.00047258256947802185
9.383667252067386e-06
-0.17855416932521756
0.7312098782706575
0.3199502540596162
-1.7314275743360374
-0.5560461358998566
2.2336241704162276
-0.4638064211423997
0.00047469350015736294
1.4248803104907866e-05
-0.1954627943370911
0.7357262500736153
0.3394849252864587
-1.7328708950649971
-0.5772234520701797
2.2313498694585503
-0.450431400022795
0.0004764270745153315
1.881009001150986e-05
-0.21234793484464579
0.7404094980886945
0.3589443842130231
-1.7343460995157365
-0.5983071091558185
2.228908587297936
-0.4372046544668166
0.0004778536236510135
2.3003409953308838e-05
-0.2291402558378669
0.7452458549850447
0.3782537178741742
-1.7358562716096577
-0.6192272412799021
2.2263106225568574
-0.42416880995301715
0.00047903690708663065
2.677181207799087e-05
-0.24577228040017193
0.7502204368663392
0.3973399692859484
-1.7374029289528576
-0.6399167540629119
2.223567866402603
-0.411364057127479
0.0004800337135119524
3.0065873044928883e-05
-0.26217954955982664
0.7553171797935512
0.41613341652632146
-1.7389861477962427
-0.6603120015513508
2.220693573203873
-0.3988277378856995
0.0004808934349444582
3.2844087547547465e-05
-0.2783016359833614
0.7605188829760934
0.43456869553959854
-1.7406046989769792
-0.6803534252011559
2.217702113165353
-0.3865939719221638
0.0004816576386027611
3.5073265770983394e-05
-0.2940829889809232
0.76580734055257
0.45258574158322695
-1.7422561937673524
-0.6999861231672886
2.2146087132601355
-0.3746933427828451
0.0004823596685887059
3.6728906345628965e-05
-0.30947359673197283
0.7711635425220406
0.4701305331733557
-1.7439372376992333
-0.7191603257104473
2.211429193394013
-0.36315265697666027
0.0004830243135132957
3.779550887095311e-05
-0.3238921723324229
0.7771864062799152
0.48694165647666143
-1.7450751928798416
-0.7385534011683724
2.208222594852318
-0.35132286842145066
0.00047758059822660293
4.435376761218916e-05
-0.33739464364838173
0.7837288771443333
0.5030080573484514
-1.7457757768963462
-0.7579813383966749
2.2049887200423735
-0.3393602403827103
0.0004673457559527298
5.509794063179428e-05
-0.3500280180111523
0.7906626568440089
0.518320429790168
-1.746127535810938
-0.7772865350800975
2.2017304750684206
-0.32739769378986133
0.0004534442962765522
6.891523144576236e-05
-0.36183319073566894
0.7978760465476058
0.5328725393783595
-1.7462042443414998
-0.7963351461127948
2.198453355336659
-0.3155471576316234
0.00043682708743376865
8.486665478953443e-05
-0.3728471119655533
0.8052721196219534
0.5466621271441238
-1.7460670190191998
-0.8150147810307983
2.195164907269805
-0.3039016864264253
0.0004182898901442882
0.0001021684804610013
-0.383104390230143
0.8127671528604355
0.5596914315543452
-1.7457661753715294
-0.8332324443205934
2.1918741959186923
-0.2925374037082061
0.0003984909949343567
0.00012017459601207965
-0.3926384176568339
0.8202892586787944
0.571967381169195
-1.7453428561131847
-0.850912646153466
2.188591301649166
-0.2815153095316262
0.00037796776756424523
0.0001383599769134183
-0.4014821027369272
0.8277771735554291
0.5835015182975397
-1.7448304540034685
-0.8679956377695454
2.185326862532237
-0.2708829740285831
0.00035715200767605143
0.00015630535287646896
-0.40966829276561734
0.8351791692036763
0.5943097156402927
-1.7442558503925343
-0.8844357456879307
2.182091673044569
-0.26067612771761395
0.00033638408910808344
0.0001736830964479802
-0.41722996079820046
0.8424520622993041
0.6044117449360912
-1.7436404884071623
-0.9001997928919616
2.1788963444932534
-0.25092015195214706
0.00031592588826481256
0.00019024432301855836
-0.4242002224938006
0.8495603059835557
0.6138307505002096
-1.7430012980773513
-0.915265604119554
2.1757510283594583
-0.241631468809083
0.00029597252849728877
0.00020580717091430651
-0.43061223774365986
0.856475151934511
0.6225926726372399
-1.742351489344827
-0.9296205974517583
2.1726652005341784
-0.23281882805234336
0.0002766629802416547
0.00022024621955725088
-0.43649904146196067
0.8631738757735836
0.6307256573245212
-1.7417012277148838
-0.943260466572964
2.1696475021335035
-0.22448448880430238
0.0002580895632258971
0.00023348299814435013
-0.4418933380436362
0.869639061230531
0.6382594801330014
-1.7410582062342377
-0.9561879582862539
2.16670563111439
-0.21662529458349597
0.00024030640124785853
0.00024547753397360727
-0.4468272851995861
0.8758579401203888
0.6452250046249995
-1.7404281264480244
-0.9684117488566817
2.1638462781228327
-0.20923364191828736
0.0002233368834244369
0.00025622088682592935
-0.4513322853827832
0.8818217860600988
0.6516536887577673
-1.7398150999801056
-0.9799454211001227
2.161075099747573
-0.2022983444573387
0.00020718018908036904
0.00026572861301588633
-0.45543879687178834
0.8875253602048279
0.657577147257777
-1.739221981381318
-0.9908065422510355
2.158396722486007
-0.19580539612313888
0.00019181693668160785
0.00027403509977074944
-0.4591761717204955
0.892966407303245
0.6630267735127863
-1.7386506419008263
-1.0010158408065934
2.1558147711338846
-0.18973863824714213
0.00017721402021737736
0.0002811887077198556
-0.462572524084644
0.8981452002021294
0.6680334211726142
-1.7381021928640272
-1.0105964789252422
2.1533319158864983
-0.18408033671178547
0.00016332869888383025
0.0002872476568244883
-0.465654629732536
0.9030641306783237
0.6726271432243668
-1.737577166397375
-1.0195734156408112
2.1509499331071815
-0.17881167588641061
0.00015011200752702503
0.00029227658938325824
-0.4689674902080813
0.9080794412368595
0.6774591828767758
-1.737982997229143
-1.0297353436839303
2.1488454942514386
-0.17231012164657603
0.00014550773046549792
0.0002883475751892997
-0.4724592577791753
0.9131410695623202
0.6824582785837193
-1.7391446161374038
-1.0407949269794943
2.14696722946639
-0.1648557669699389
0.00014760927235271158
0.0002773839263873879
-0.476078768510135
0.9182063014930555
0.687556494551027
-1.740911510342274
-1.0525035527665862
2.145272151342993
-0.15668803802984974
0.00015483952007191927
0.00026097960299489793
-0.47977723644695636
0.9232388019454377
0.6926909117455631
-1.7431547193302972
-1.064647359774991
2.1437246962707968
-0.14801066737929094
0.00016589427213377445
0.00024045571394135548
-0.48350947786032283
0.9282078198191879
0.6978047895165767
-1.7457641800415578
-1.0770436442215567
2.14229580530271
-0.13899607657197152
0.0001796961713998103
0.0002169065175914448
-0.48723472685077257
0.9330875266331815
0.7028482621119422
-1.7486463771356702
-1.0895375808645857
2.1409620549037265
-0.12978925191730675
0.0001953568549594788
0.00019123721264562292
-0.49091710710869446
0.9378564569705746
0.7077786437042696
-1.7517222613235546
-1.1019992147165163
2.1397048467692197
-0.12051118224461789
0.00021214564642862117
0.0001641951972203596
-0.4945258238282609
0.9424970260370538
0.7125604176113134
-1.754925404425934
-1.1143206927601828
2.1385096637143173
-0.11126191493551053
0.0002294635410083406
0.00013639604706203661
-0.49803513596903554
0.9469951057418038
0.7171649823230515
-1.7582003643366515
-1.126413714788707
2.1373653960515244
-0.10212327615126551
0.0002468215301245781
0.00010834516581662196
-0.5014241632841803
0.9513396457230331
0.721570220498401
-1.7615012367163798
-1.1382071890020051
2.136263740296157
-0.09316129299524366
0.0002638225208173339
8.045585078893036e-05
-0.5046765756444486
0.9555223297262687
0.7257599486977857
-1.764790373218914
-1.1496450819582906
2.135198669721815
-0.08442834903775735
0.00028014625354552284
5.306436844953279e-05
-0.507780204862804
0.9595372608060858
0.7297232963863511
-1.7680372485040732
-1.160684454564453
2.1341659743667756
-0.07596509986244766
0.0002955367303360399
2.644252542518017e-05
-0.5107266119807263
0.963380671084729
0.7334540534964217
-1.7712174603303903
-1.1712936765782396
2.133162866617111
-0.06780217173344578
0.00030979174664807335
8.081393337352096e-07
-0.5135106361776105
0.967050653398185
0.7369500171390083
-1.7743118487353542
-1.1814508120672156
2.132187647456534
-0.05996166382519269
0.0003227541839295435
-2.3666249494559585e-05
-0.5161297972207838
0.9705469787340034
0.7402122555581104
-1.7773055313225938
-1.1911420430937545
2.1312393806062357
-0.052458587786365675
0.0003343035365441171
-3.7685719473550225e-05
-0.5185842441257975
0.9738706952904034
0.7432447843482861
-1.7801877176144791
-1.2003606919200205
2.1303177870210943
-0.04530173351343682
0.00034435312611069983
-4.4779608798595405e-05
-0.5208760824533678
0.9770240420049908
0.7460538336757313
-1.7829507685422572
-1.209105847635011
2.129422970281061
-0.038494893876995104
0.0003528427937013038
-4.7370885215378486e-05
-0.523009011737782
0.9800102509727927
0.748647365271461
-1.7855896931129194
-1.2173813571985592
2.128555272446442
-0.03203774274691985
0.0003597348299444254
-4.7113193419781156e-05
-0.524987996337917
0.982833369587517
0.7510346438254706
-1.7881017080733792
-1.2251949388449372
2.1277151608541964
-0.025926597834268005
0.0003650105543901682
-4.5126433828374837e-05
-0.526818969858841
0.9854981022940986
0.7532258617254797
-1.7904858514966642
-1.232557406354581
2.1269031405952643
-0.020155081861506358
0.00036866741064162903
-4.201759931181532e-05
-0.5278165352668825
0.9887681180541658
0.7548477333768215
-1.792088783838982
-1.2403516959511012
2.126149708209079
-0.014064663396991542
0.0003657628765142132
-3.275016845840287e-05
-0.5281217044413201
0.992496654726008
0.7559845720687998
-1.793034786545302
-1.2484155513564128
2.125444428751898
-0.007776522517343557
0.0003574022904610085
-1.842829436127048e-05
-0.5278550519884976
0.9965602303257997
0.7567093582266187
-1.7934306262378985
-1.2566139186998446
2.124779155099013
-0.0013915382640552485
0.00034454745712911
-1.22743906224459e-08
-0.5271196944654876
1.0008555050910064
0.7570853994335622
-1.7933680445711129
-1.2648354306495564
2.1241476312055947
0.005007086544588473
0.00032802729963070024
2.1670754260544916e-05
-0.5260038045978291
1.0052965250576176
0.7571677026249465
-1.7929258848988392
-1.2729892732610837
2.123545140289675
0.011351483052242806
0.00030855087049964745
4.5913786386729815e-05
-0.5245827372208384
1.0098123024405745
0.7570041134379423
-1.792171906399918
-1.2810023952059526
2.12296819835444
0.01758702883837955
0.0002867211474018642
7.211615192515313e-05
-0.5229208312609919
1.0143446943876138
0.7566362677883871
-1.7911643307632785
-1.2888170258141862
2.1224142915072344
0.023670491484529738
0.0002630486174338484
9.976993959643129e-05
-0.5210729413657724
1.0188465465750607
0.7561003921751409
-1.7899531610334254
-1.2963884729806208
2.1218816542329653
0.02956838240233683
0.00023796405274333364
0.0001284472334393292
-0.5190857436735308
1.0232800720221666
0.7554279819726173
-1.7885813070026366
-1.3036831752085614
2.121369084997446
0.035255502046694684
0.00021183015238123804
0.00015778848408184792
-0.5169988525360806
1.0276154387094705
0.7546463809739826
-1.7870855467423716
-1.3106769844136992
2.1208757951668584
0.04071365907812954
0.0001849519077430541
0.0001874921553237514
-0.5148457785960615
1.031829542303572
0.7537792805603244
-1.7854973495544473
-1.317353657931374
2.120401287127805
0.045930547194378384
0.00015758566801874822
0.0002173056683975319
-0.5126547533075375
1.0359049426575666
0.7528471529465143
-1.7838435818083698
-1.3237035396843377
2.1199452575924065
0.05089876436434544
0.00012994695657641935
0.0002470175923690949
-0.5104494406093235
1.0398289448668192
0.751867629842901
-1.78214711380201
-1.3297224118147317
2.1195075223064954
0.05561496015109431
0.00010221713267811941
0.0002764509860754491
-0.5082495528677132
1.0435928075731997
0.7508558354324897
-1.7804273429086657
-1.3354104993442346
2.119087958693655
0.06007909774692915
7.454901509821255e-05
0.00030545777509126203
-0.5060713852669079
1.0471910629636945
0.7498246806693151
-1.7787006458151007
-1.340771611643436
2.1186864633244156
0.06429381827993727
4.7071592088103187e-05
0.0003339140395051409
-0.5039299349416517
1.0506224009340486
0.7487873873394765
-1.7769805300868233
-1.3458142288805137
2.11830102458476
0.06826420099707625
1.9893156975356475e-05
0.0003617168735306554
-0.5018379594673352
1.0538879634124203
0.7477558624720753
-1.7752781951382988
-1.350549393249734
2.11792926712669
0.07199703746451108
-6.894760787253171e-06
0.00038878044720478907
-0.4998055294545715
1.0569900168372144
0.7467397038633021
-1.773603169860057
-1.3549892777285315
2.117569562222727
0.07550040249938482
-2.3054515820484087e-05
0.00041503152026803726
-0.4978402258977849
1.0599319992663685
0.7457465134346483
-1.7719630036777108
-1.3591466551574685
2.117220618768606
0.0787830272719347
-3.209906585561679e-05
0.00044041075541984595
-0.4959476591737774
1.0627181016455427
0.7447822234344247
-1.7703638442824148
-1.363034764661722
2.1168815431863908
0.08185426022794168
-3.6448247903574134e-05
0.0004648685431061871
-0.4941722627725092
1.0662463831315614
0.7432319670818253
-1.767551125982985
-1.3674489916439792
2.1166104210632013
0.08411586184994722
-3.718574375774683e-05
0.000497734001907839
-0.49251156609937813
1.070353298963523
0.7412404682634717
-1.7637742364571833
-1.3722486093430266
2.116391545352727
0.08569434745149766
-3.5799678532891895e-05
0.0005368482096183056
-0.49096234992045745
1.074901175207478
0.7389281948803185
-1.7592421394194158
-1.37731523242403
2.11621243054933
0.08669849346100252
-3.3262534708446846e-05
0.0005803640811676391
-0.48952080021444455
1.0797743832996178
0.7363947687392697
-1.7541297241461629
-1.382549912886697
2.11606321308211
0.08722177676181357
-3.01973165765653e-05
0.0006267287885882156
-0.48818264275069767
1.0848760659681405
0.7337219379994739
-1.7485831685303301
-1.38787055831097
2.115936152682595
0.08734448129613097
-2.699201199226848e-05
0.000674655974429848
-0.48694326085071676
1.0901253415302383
0.7309761718850248
-1.7427244570766167
-1.3932096417111612
2.1158252208286235
0.08713551540819651
-2.387815257687334e-05
0.000723093812297252
-0.4857977982596429
1.0954549204234205
0.7282109257582535
-1.736655180491183
-1.3985121755664625
2.115725763149208
0.08665397856346264
-2.0984490528719648e-05
0.0007711926256560743
-0.4847412486508472
1.100809075130429
0.7254686164453564
-1.7304597280977472
-1.4037339249818475
2.1156342239081525
0.08595051144119824
-1.837346730049857e-05
0.0008182742152724418
-0.48376853330722147
1.1061419116849287
0.7227823419322447
-1.7242079698438695
-1.4088398371426136
2.1155479221998523
0.08506845942505331
-1.6042457265662333e-05
0.0008638040204988831
-0.48287457184436894
1.111415895706543
0.72017737700278
-1.7179575164040504
-1.413802669584996
2.1154648720579257
0.08404487934977642
-1.3595675804627067e-05
0.00090736655112207
-0.4820543312788444
1.1166006033924698
0.7176724622753723
-1.711755602439723
-1.41860178080051
2.1153836337312013
0.08291139538057854
-1.0732874162563482e-05
0.0009486443183073638
-0.48130287361233803
1.1216716531509514
0.7152809204063072
-1.7056406827621706
-1.4232220848854176
2.115303196057864
0.08169494373959023
-7.231432110494751e-06
0.0009873999021032581
-0.48061539476052595
1.1266097944062865
0.713011615826505
-1.69964377811584
-1.4276531448006669
2.11522288193323
0.08041841454630577
-2.931382068075825e-06
0.0010234609477110543
-0.4799872556615376
1.1314001296602212
0.7108697766946345
-1.693789611952807
-1.4318883885778566
2.1151422724943343
0.07910120519893608
2.2769816067268254e-06
0.0010567077444073377
-0.4794140063682726
1.1360314495828137
0.7088576958601782
-1.6880975726338017
-1.4359244341669954
2.115061146438439
0.07775969771441461
8.463264723370442e-06
0.0010870630307033748
-0.47889140390064733
1.1404956640595674
0.7069753259156589
-1.68258252965376
-1.4397605099369362
2.114979431557569
0.07640767070740431
1.5665247504098715e-05
0.0011144836851200912
-0.4784154246040413
1.1447873148014238
0.7052207818490375
-1.6772555276067047
-1.4433979590968589
2.1148971661223235
0.07505665518805761
2.3895581817176225e-05
0.0011389539918397473
-0.47798227172648844
1.1489031573900175
0.7035907633681465
-1.6721243775400798
-1.4468398174966701
2.114814468201214
0.07371624206332685
3.3147186049102305e-05
0.0011604802066860667
-0.47758837888866845
1.1528418025389868
0.7020809076483228
-1.667194161978729
-1.4500904553780731
2.114731511371531
0.07239434810997343
4.339757463800435e-05
0.0011790861865111737
-0.47723041007761113
1.1566034079547836
0.7006860820449256
-1.6624676671134764
-1.453155274681664
2.114648505577869
0.07109744622528356
5.46123231272971e-05
0.0011948098812305649
-0.47626634485957003
1.160081951827458
0.6992515766005561
-1.6595936147972195
-1.457245932378912
2.1145675004208973
0.0722808468953724
0.00013357741908622017
0.001235694213232475
-0.4748285009898188
1.1632894351468213
0.6977938003870119
-1.658244847844193
-1.4621352510267351
2.1144895620281288
0.07547544538182484
0.00027479106501967967
0.0013053527268774153
-0.4730208869553989
1.1662398608413413
0.6963223169924836
-1.6581378945183505
-1.4676258161226539
2.114414610808628
0.08027930979353984
0.00047353603835979493
0.0014065470204827103
-0.47092521966230394
1.1689483992862488
0.6948420504586132
-1.6590282894124238
-1.473547365078425
2.1143419298880777
0.08634919387603238
0.0007257135609061052
0.0015413563191108875
-0.468605832635789
1.1714307538845068
0.6933550123719934
-1.6607063319872928
-1.4797543062040455
2.1142705283220233
0.09339306363524777
0.0010277188470006172
0.0017113053909829142
-0.46611361935140794
1.1737026901124197
0.6918616022880317
-1.662993212404394
-1.486123344671557
2.1141993870155114
0.10116350909227798
0.0013763468315866824
0.0019174622956446852
-0.46348915682554453
1.1757796953949982
0.6903615442444637
-1.665737462077735
-1.4925512110367383
2.11412761307081
0.10945193365700712
0.0017687197902974015
0.0021605142448224896
-0.4607651463410641
1.1776767417407479
0.6888545244108765
-1.6688117027723732
-1.4989524978644762
2.114054525132511
0.11808343011370391
0.0022022309203529266
0.0024408275020014352
-0.457971409147786
1.1794106669808047
0.6873448622745111
-1.6721094219180734
-1.5052611126250421
2.11397610167869
0.12691238449308612
0.0026744985700086375
0.0027584966284793988
-0.4551383339282252
1.1810016639275622
0.6858443839302544
-1.6755421688475027
-1.5114305407986204
2.1138827263135704
0.13581852019132665
0.0031833293969404817
0.0031133847906967653
-0.4522910981021864
1.182467598859142
0.6843630386856325
-1.6790377141828952
-1.517424342276976
2.113767134791106
0.14470313329580992
0.0037266910371554353
0.003505154543457295
-0.44945058334631277
1.1838241170563273
0.6829091072019443
-1.682537803032958
-1.5232146654259846
2.113624195435914
0.15348604428779922
0.004302688162057565
0.003933295208787467
-0.44663410702777173
1.185084795363245
0.6814893910622689
-1.6859961412573117
-1.528780947754361
2.113450654022435
0.1621029357233298
0.004909542418287916
0.004397146349731093
-0.4438560077015132
1.1862613219653495
0.6801093852681516
-1.6893766033238304
-1.5341087814379741
2.113244864843538
0.17050302994334865
0.005545575427214218
0.004895918158118238
-0.4411281156440456
1.1873636886158756
0.678773435045675
-1.6926516483098115
-1.5391889244654406
2.113006523649617
0.17864706616075585
0.006209194259515871
0.005428709337000075
-0.4384601332673502
1.1884003846040616
0.67748487820144
-1.6958009291791298
-1.5440164403989296
2.112736413287405
0.18650554096072003
0.006898878963768007
0.005994522895203103
-0.43585994512496024
1.189378584977065
0.6762461741362045
-1.6988100796234082
-1.548589951709694
2.112436169057578
0.1940571804057101
0.00761317183865132
0.006592280160944273
-0.4333338729973475
1.190304328033688
0.6750590205103076
-1.7016696624385894
-1.5529109933764824
2.112108067882767
0.20128761562035277
0.00835066821272107
0.007220833247339665
-0.43088688811561743
1.191182679024079
0.6739244584635106
-1.7043742635389487
-1.5569834549523995
2.1117548431822715
0.2081882369968947
0.009110008545289221
0.007878976153201888
-0.4285227898367821
1.1920178784250703
0.672842967220776
-1.7069217161965546
-1.5608131006370214
2.11137952575021
0.21475520505642062
0.009889871695204566
0.008565454649459197
-0.42645836016626104
1.1928516993656095
0.6710493521361068
-1.7098870921621936
-1.5651256766240156
2.111286937598368
0.22146072416337156
0.010658295035791989
0.009221311576634233
-0.4246525358995583
1.193681430864992
0.6687061610268996
-1.7131552769847795
-1.5697954900944722
2.111419424780148
0.22822189478101926
0.011411822028333091
0.009849183752630985
-0.42306892921910316
1.1945060801286873
0.6659483536196672
-1.7166288072308258
-1.5747168880659512
2.111727306316246
0.2349703893150476
0.012147569160357056
0.0104511993714525
-0.4216755943516921
1.1953256554580731
0.6628876187029273
-1.7202259771604904
-1.5798014590961185
2.1121681333160343
0.2416503613178295
0.012863132710915109
0.011029070729728247
-0.42044473044852576
1.1961406561211978
0.6596160355322057
-1.7238790504210633
-1.5849755991491716
2.112705958398686
0.2482166353470243
0.013556514256541674
0.01158416820164215
-0.41953487003791434
1.1963116324819654
0.6566989366908177
-1.7278714315303567
-1.5897238302410266
2.1129485300753394
0.2543372725619169
0.014221563231870439
0.011605763277850274
-0.41889501654680417
1.1959761334480619
0.6540616289071827
-1.7321326886787476
-1.5941171788905897
2.1129770771973297
0.2600827076444306
0.014858755956771498
0.011204072119342209
-0.41849618400768673
1.1952159782060081
0.6516634885109225
-1.7366151137015582
-1.598192664806196
2.112841632721853
0.265487139243961
0.01546820169029612
0.010454001200172145
-0.418299967789846
1.1941308148029035
0.649455403545227
-1.74125486779425
-1.6019988373347394
2.112595753038677
0.27059220953082336
0.01605005425770831
0.009432870679210038
-0.41827334694490464
1.1928022186606282
0.6474005363500277
-1.7459940677310222
-1.6055737379861772
2.112280428446246
0.2754287632348763
0.016604338030744202
0.008202871623289771
-0.4183879435749235
1.191297007370995
0.6454711868593036
-1.7507810534819364
-1.608947392712155
2.1119268700923515
0.2800197774766417
0.01713100051564447
0.006814206137871054
-0.4186193853881827
1.1896699129879176
0.643646442598687
-1.755570354580668
-1.6121437144373778
2.1115586791077487
0.28438256013355756
0.01762995137629939
0.0053075141677530625
-0.4189467560772923
1.1879657401435766
0.6419104237538389
-1.7603224644401845
-1.6151819499337734
2.1111935329447147
0.288530389658356
0.018101090906018018
0.0037157613314026264
-0.419315154191425
1.186295673416124
0.6402186448899355
-1.764948226987575
-1.6181085994443072
2.110862025359094
0.29250016628454667
0.018544516333993608
0.0020819366584878696
-0.41971742703588594
1.18467053525563
0.6385723430921801
-1.7694312456115209
-1.6209270440187409
2.110566576984594
0.29629278891830174
0.018960068762812216
0.00042267563632869065
-0.42014711783836484
1.1830994663724426
0.6369721458778013
-1.7737578625897439
-1.6236407796073187
2.1103086544218126
0.299909750184234
0.019347655131739267
-0.0012482238234466031
-0.4204290053742414
1.1817120547886222
0.635575925687768
-1.7775001771705723
-1.6260500224478904
2.1099269436451262
0.30310886441471596
0.01970142654490362
-0.002228571846832092
-0.4205946979716583
1.180498360243701
0.6343314803898064
-1.7807500669134981
-1.6282165044015868
2.109468720861973
0.3059626379892036
0.020023140228763916
-0.0027479092787193455
-0.4206693375818701
1.179446191814459
0.6332014817526079
-1.7835843223599994
-1.6301868293740491
2.108967648048305
0.3085291348053588
0.020314241914815807
-0.002964712217100401
