-0.4847412486508472
-1.100809075130429
-0.7254686164453564
1.7304597280977472
1.4037339249818475
-2.1156342239081525
-0.08595051144119824
1.837346730049857e-5
-0.0008182742152724418
-0.48460243506419876
-1.1009580209751655
-0.7253133226405118
1.7303654601097553
1.4039517197984845
-2.1156893446378473
-0.086116234446631
1.837346730049857e-5
-0.0008182742152724418
-0.4843942059822273
-1.1011815016013093
-0.7250804198235777
1.7302239392418337
1.4042783662456797
-2.11577195061163
-0.08636479347676246
1.837346730049857e-5
-0.0008182742152724418
-0.48411654984164615
-1.101479599535027
-0.7247699585693849
1.730035006913707
1.4047138031009072
-2.1158819417265846
-0.08669615437658823
1.837346730049857e-5
-0.0008182742152724418
-0.48376945080753847
-1.1018524282548958
-0.7243820085162553
1.7297984451522628
1.4052579460541272
-2.1160191804040163
-0.08711027006574833
1.837346730049857e-5
-0.0008182742152724418
-0.4833528888869764
-1.1023001322152284
-0.7239166585109569
1.729513976528135
1.4059106875107195
-2.116183491680886
-0.0876070802200079
1.837346730049857e-5
-0.0008182742152724418
-0.48286684006645214
-1.1028228867951757
-0.7233740166315527
1.7291812644219036
1.4066718962636082
-2.116374663370748
-0.08818651119384223
1.837346730049857e-5
-0.0008182742152724418
-0.48231127631699033
-1.1034208983857405
-0.72275421043166
1.7287999127206022
1.4075414172841847
-2.1165924461696557
-0.0888484755136901
1.837346730049857e-5
-0.0008182742152724418
-0.4816861658339476
-1.1040944044370837
-0.7220573870883752
1.7283694659908073
1.4085190714025182
-2.1168365538182212
-0.08959287160580481
1.837346730049857e-5
-0.0008182742152724418
-0.4809914732788815
-1.1048436732928788
-0.7212837135731636
1.7278894098592443
1.4096046547854904
-2.117106663414307
-0.09041958330815272
1.837346730049857e-5
-0.0008182742152724418
-0.48022715990324266
-1.105669004419099
-0.7204333770286144
1.727359170610186
1.4107979387244616
-2.117402415345588
-0.09132847964887703
1.837346730049857e-5
-0.0008182742152724418
-0.4793931835884911
-1.106570728372181
-0.7195065847625375
1.726778115314111
1.4120986687133499
-2.1177234139262056
-0.09231941385676715
1.837346730049857e-5
-0.0008182742152724418
-0.4784894994668863
-1.107549206748408
-0.7185035647623047
1.7261455523425493
1.413506564594053
-2.1180692273327266
-0.09339222323878005
1.837346730049857e-5
-0.0008182742152724418
-0.47751605983663714
-1.1086048321862274
-0.7174245658557923
1.7254607309416308
1.4150213191028245
-2.11843938827054
-0.09454672822861915
1.837346730049857e-5
-0.0008182742152724418
-0.4764728146136957
-1.109738028501481
-0.7162698580793732
1.724722841569803
1.416642597873891
-2.118833393952912
-0.09578273189413919
1.837346730049857e-5
-0.0008182742152724418
-0.4753597115122048
-1.1109492506809795
-0.7150397329872675
1.7239310158878733
1.4183700387179148
-2.119250706750708
-0.09710001900173558
1.837346730049857e-5
-0.0008182742152724418
-0.4741766964689234
-1.1122389848872265
-0.7137345040302948
1.7230843269638505
1.4202032505992541
-2.1196907545323365
-0.09849835527926368
1.837346730049857e-5
-0.0008182742152724418
-0.47292371395867394
-1.1136077484875664
-0.7123545070166821
1.7221817892685576
1.422141812723176
-2.120152931029126
-0.09997748659288491
1.837346730049857e-5
-0.0008182742152724418
-0.471600707061126
-1.1150560903066975
-0.7109001002374052
1.721222358459042
1.4241852743584165
-2.120636596282562
-0.1015371378648948
1.837346730049857e-5
-0.0008182742152724418
-0.470207618353436
-1.116584590528544
-0.7093716652847203
1.720204931956279
1.4263331535037695
-2.121141077259717
-0.10317701242211301
1.837346730049857e-5
-0.0008182742152724418
-0.4687443894834105
-1.1181938605065616
-0.7077696067934561
1.719128348664486
1.4285849356917433
-2.1216656686559063
-0.10489679049715403
1.837346730049857e-5
-0.0008182742152724418
-0.46721096256187
-1.1198845431911548
-0.7060943538106018
1.7179913894963257
1.4309400739450924
-2.1222096327162436
-0.10669612859234022
1.837346730049857e-5
-0.0008182742152724418
-0.46560727932145607
-1.1216573128540241
-0.7043463590912589
1.7167927768893605
1.433397986687551
-2.1227722007531917
-0.10857465822364848
1.837346730049857e-5
-0.0008182742152724418
-0.46393328263722755
-1.1235128756956867
-0.702526100583058
1.7155311749198479
1.4359580576173727
-2.123352573178045
-0.11053198417037492
1.837346730049857e-5
-0.0008182742152724418
-0.46218891602629253
-1.125451969665543
-0.7006340812770748
1.71420518917508
1.4386196346162212
-2.123949920185963
-0.11256768399592089
1.837346730049857e-5
-0.0008182742152724418
-0.46037412466601096
-1.1274753642036108
-0.6986708298378231
1.712813367479475
1.4413820277156926
-2.1245633830526596
-0.11468130645543272
1.837346730049857e-5
-0.0008182742152724418
-0.45848885539052053
-1.1295838610551203
-0.6966369009274245
1.7113541989768428
1.444244509326102
-2.1251920741590236
-0.11687236995697693
1.837346730049857e-5
-0.0008182742152724418
-0.4565330570928056
-1.1317782938304461
-0.6945328755681597
1.7098261146903908
1.4472063116887137
-2.1258350786776083
-0.11914036144839944
1.837346730049857e-5
-0.0008182742152724418
-0.45450668150652057
-1.1340595285899777
-0.6923593621936411
1.7082274870714735
1.450266627286015
-2.126491454255872
-0.12148473469916722
1.837346730049857e-5
-0.0008182742152724418
-0.452409683008299
-1.1364284633886992
-0.6901169961364815
1.7065566303070052
1.4534246061826843
-2.1271602331725727
-0.1239049090013961
1.837346730049857e-5
-0.0008182742152724418
-0.4502420193233887
-1.1388860292157894
-0.6878064407230968
1.7048117992982628
1.4566793555836963
-2.1278404225631693
-0.12640026706424606
1.837346730049857e-5
-0.0008182742152724418
-0.4480036516177096
-1.1414331893941176
-0.6854283873298216
1.7029911907556625
1.4600299384885276
-2.1285310055021935
-0.12897015422623284
1.837346730049857e-5
-0.0008182742152724418
-0.4456945453350579
-1.1440709408167982
-0.6829835562423594
1.7010929418396026
1.4634753724011265
-2.129230942088963
-0.1316138758907102
1.837346730049857e-5
-0.0008182742152724418
-0.443314670014992
-1.1468003133049447
-0.6804726965651334
1.6991151302094183
1.467014628189779
-2.1299391704719293
-0.1343306968241751
1.837346730049857e-5
-0.0008182742152724418
-0.4408639998798188
-1.1496223702051223
-0.6778965869396998
1.697055774151303
1.4706466286771245
-2.130654608271702
-0.13711983831185462
1.837346730049857e-5
-0.0008182742152724418
-0.43834251391534046
-1.152538208836406
-0.6752560356053807
1.6949128310267065
1.4743702474985536
-2.1313761532711073
-0.13998047674235609
1.837346730049857e-5
-0.0008182742152724418
-0.4357501964362149
-1.1555489604827025
-0.672551881033773
1.692684198592574
1.4781843079161865
-2.1321026851553975
-0.14291174217594138
1.837346730049857e-5
-0.0008182742152724418
-0.4330870368919622
-1.1586557910329356
-0.6697849918305017
1.690367712556619
1.4820875804355786
-2.1328330666616897
-0.14591271546525494
1.837346730049857e-5
-0.0008182742152724418
-0.43035303061466035
-1.1618599018302322
-0.6669562678355266
1.6879611464526418
1.486078783781008
-2.1335661442651865
-0.14898242698088257
1.837346730049857e-5
-0.0008182742152724418
-0.42754817849589216
-1.165162528953342
-0.6640666392730017
1.6854622118458293
1.490156581614225
-2.13430075074769
-0.15211985453732713
1.837346730049857e-5
-0.0008182742152724418
-0.42474262651383476
-1.1684819593018498
-0.6611890091462013
1.6829318165997067
1.4942180457056298
-2.13501777996574
-0.15524577321167046
1.837346730049857e-5
-0.0008182742152724418
-0.4219528019866135
-1.1717687010669764
-0.6582927569212975
1.6804748169873398
1.4983090660743723
-2.1357125630488327
-0.15842881198602832
1.837346730049857e-5
-0.0008182742152724418
-0.4191872997602641
-1.1750136964048463
-0.6553807552400602
1.6781036758618137
1.50242608922098
-2.136386031648316
-0.1616669782697057
1.837346730049857e-5
-0.0008182742152724418
-0.41645579828557955
-1.1782072355915525
-0.6524544523482454
1.6758342282731662
1.5065678050691778
-2.137040653466338
-0.1649607385242104
1.837346730049857e-5
-0.0008182742152724418
-0.4137650332650151
-1.1813416436273587
-0.6495162825540923
1.673676687262607
1.5107313567618943
-2.1376770475901905
-0.1683085386587617
1.837346730049857e-5
-0.0008182742152724418
-0.41111820727490694
-1.1844117803522975
-0.6465707515731615
1.6716336812897798
1.5149097992421396
-2.1382922343838797
-0.17170467063222863
1.837346730049857e-5
-0.0008182742152724418
-0.4085182814213916
-1.1874126354827543
-0.6436222251459223
1.6697077732976364
1.519096416794058
-2.1388833545448382
-0.17514366298420578
1.837346730049857e-5
-0.0008182742152724418
-0.40596731129646296
-1.1903408982259944
-0.6406743228525494
1.6679003757895652
1.5232853992158772
-2.139448118709008
-0.17862082370602456
1.837346730049857e-5
-0.0008182742152724418
-0.40346625947325127
-1.1931955160773051
-0.6377296865360625
1.666211365402172
1.5274722013544118
-2.1399850836724026
-0.18213249791530187
1.837346730049857e-5
-0.0008182742152724418
-0.4010154278030117
-1.195976898899758
-0.6347903458267262
1.6646396213659511
1.5316531047069333
-2.1404934376184963
-0.18567572217891032
1.837346730049857e-5
-0.0008182742152724418
-0.39861435938590745
-1.198687315773193
-0.6318575756013728
1.6631827783224378
1.535825410794338
-2.1409731814203568
-0.18924839014756872
1.837346730049857e-5
-0.0008182742152724418
-0.3962617274057958
-1.2013313875566323
-0.628931703085585
1.6618369505384816
1.5399877062011669
-2.141425363528827
-0.19284948587406106
1.837346730049857e-5
-0.0008182742152724418
-0.39395520570659837
-1.2039167039396619
-0.6260118453807527
1.6605964174214727
1.5441402172339904
-2.14185238410066
-0.19647940434924235
1.837346730049857e-5
-0.0008182742152724418
-0.3916915148635072
-1.2064539549962192
-0.6230958801158482
1.6594535933047303
1.548284880856563
-2.1422580995098923
-0.20014005136593987
1.837346730049857e-5
-0.0008182742152724418
-0.38946624059826196
-1.208957698549776
-0.6201801325221248
1.658398684031424
1.5524258055948057
-2.1426482022694975
-0.20383533656829209
1.837346730049857e-5
-0.0008182742152724418
-0.38727572557008844
-1.2114343666192855
-0.6172673066122808
1.6574250566213666
1.5565603909445318
-2.1430240594591483
-0.20756565365343183
1.837346730049857e-5
-0.0008182742152724418
-0.3851174112778607
-1.2138796743903557
-0.6143689628866242
1.6565298892696405
1.560675505593584
-2.1433804267755385
-0.2113251535790139
1.837346730049857e-5
-0.0008182742152724418
-0.38298773095493105
-1.2162887474114432
-0.6114994023102264
1.6557088876607609
1.5647551697529547
-2.14371119356912
-0.21510641023642285
1.837346730049857e-5
-0.0008182742152724418
-0.38088202957899164
-1.2186558985613059
-0.6086763139465988
1.6549560293127807
1.5687798956586363
-2.1440092875916528
-0.2188999408262643
1.837346730049857e-5
-0.0008182742152724418
-0.3787944702696133
-1.2209743652147953
-0.6059215329780351
1.6542632493280447
1.5727259177562625
-2.14426657881143
-0.2226936338853734
1.837346730049857e-5
-0.0008182742152724418
-0.37672216154699434
-1.2232384870105732
-0.6032481667600001
1.6536296840323363
1.576578791645873
-2.1444782143582115
-0.22648152469710947
1.837346730049857e-5
-0.0008182742152724418
-0.37466523668353496
-1.2254441287534632
-0.6006573548665193
1.6530629136657946
1.580339482693246
-2.1446453292759986
-0.23026776150253705
1.837346730049857e-5
-0.0008182742152724418
-0.37268147762659526
-1.2275650511417862
-0.5981261733739267
1.6526007784153045
1.584033245967741
-2.144809911933519
-0.23403485787690875
1.837346730049857e-5
-0.0008182742152724418
-0.3707746058307785
-1.2295960176598824
-0.5956531985300915
1.6522524948967015
1.5876642524426203
-2.1449763520974865
-0.23778651089689715
1.837346730049857e-5
-0.0008182742152724418
-0.36893962025467386
-1.23153543060255
-0.5932403489964512
1.6520223000874088
1.5912334317499561
-2.145143025018241
-0.24152955557990424
1.837346730049857e-5
-0.0008182742152724418
-0.36717104414319257
-1.2333822041364435
-0.5908895628505918
1.6519136014539522
1.5947416992024879
-2.145308056453831
-0.24527058862413745
1.837346730049857e-5
-0.0008182742152724418
-0.36546294615658526
-1.235135814100913
-0.5886028382629711
1.6519287715934987
1.598189840208674
-2.145469306736703
-0.24901573863217577
1.837346730049857e-5
-0.0008182742152724418
-0.3638089801087562
-1.2367963461478684
-0.5863822839744393
1.6520689197354634
1.6015783755477495
-2.1456243599394034
-0.2527703939990533
1.837346730049857e-5
-0.0008182742152724418
-0.3622024425347746
-1.2383645371814314
-0.5842301770564702
1.652333636242962
1.604907400077765
-2.1457705223882058
-0.2565388824067374
1.837346730049857e-5
-0.0008182742152724418
-0.3606363578968614
-1.2398418086211993
-0.5821490327385842
1.6527207122017749
1.6081763948894594
-2.1459048324736107
-0.2603240941746237
1.837346730049857e-5
-0.0008182742152724418
-0.35910359483759335
-1.241230285160797
-0.5801416856785401
1.6532258330609693
1.611384008124728
-2.146024087882347
-0.26412704359057
1.837346730049857e-5
-0.0008182742152724418
-0.3575970219169337
-1.2425327972467757
-0.5782113849226811
1.653842241978727
1.6145278015565276
-2.14612489265572
-0.2679463581837724
1.837346730049857e-5
-0.0008182742152724418
-0.35610971497784555
-1.2437528568034195
-0.5763619028083132
1.6545603823367956
1.617603968127705
-2.1462037404515986
-0.2717776939911494
1.837346730049857e-5
-0.0008182742152724418
-0.3546352186536119
-1.2448946067760807
-0.574597663966617
1.6553675063849318
1.6206070025510926
-2.146257128223046
-0.27561305756589033
1.837346730049857e-5
-0.0008182742152724418
-0.35316787228083507
-1.2459627369800108
-0.572923896370519
1.6562472381426072
1.6235293199407004
-2.146281704773425
-0.27944001948641306
1.837346730049857e-5
-0.0008182742152724418
-0.3517032085338209
-1.2469623644838899
-0.5713468049744264
1.6571790783765483
1.6263608187891467
-2.1462744626421446
-0.2832408009936154
1.837346730049857e-5
-0.0008182742152724418
-0.35023843152249073
-1.2478988803046909
-0.5698737737058999
1.6581378273464158
1.6290883776197955
-2.1462329742373036
-0.28699121118370696
1.837346730049857e-5
-0.0008182742152724418
-0.34877297511908795
-1.248777772590321
-0.5685135992717589
1.6590928799248068
1.631695265748557
-2.1461556711958094
-0.2906593973812943
1.837346730049857e-5
-0.0008182742152724418
-0.34730913871363145
-1.2496044481571562
-0.5672767640131992
1.660007328763612
1.6341604472994318
-2.146042157660772
-0.2942043637593849
1.837346730049857e-5
-0.0008182742152724418
-0.34585278500969474
-1.250384092646907
-0.566175756138309
1.660836770023151
1.6364577417588806
-2.145893538265084
-0.29757419288555514
1.837346730049857e-5
-0.0008182742152724418
-0.34439334278361255
-1.2511249833384648
-0.5652216480367933
1.6615489014341167
1.6385715490868602
-2.145703905149529
-0.30074708604368783
1.837346730049857e-5
-0.0008182742152724418
-0.3429354447784691
-1.2518267954326823
-0.5644101981854807
1.662143972558962
1.6405048544131446
-2.1454780366951898
-0.3037200448333464
1.837346730049857e-5
-0.0008182742152724418
-0.3414836293329405
-1.252489600317082
-0.5637368645736505
1.6626216862141272
1.642261033420891
-2.145220737834931
-0.3064901538102386
1.837346730049857e-5
-0.0008182742152724418
-0.34004236651199043
-1.2531138111760904
-0.5631968285358898
1.6629812940624482
1.6438438436792597
-2.144936848471348
-0.30905461701704207
1.837346730049857e-5
-0.0008182742152724418
-0.3386160879856529
-1.2537001139406765
-0.5627850259500419
1.6632217153337432
1.6452574125950565
-2.1446312534249783
-0.3114108038279663
1.837346730049857e-5
-0.0008182742152724418
-0.33720922044356455
-1.2542493829686654
-0.5624961863823175
1.6633416797394107
1.646506222237132
-2.1443088935519303
-0.3135563053795454
1.837346730049857e-5
-0.0008182742152724418
-0.3358262236041017
-1.2547625769532778
-0.5623248815612816
1.6633399020706339
1.6475950894327973
-2.1439747777803984
-0.31548900482396125
1.837346730049857e-5
-0.0008182742152724418
-0.334471632954222
-1.2552406124962074
-0.5622655849995742
1.663215292436688
1.648529140660592
-2.1436339955198176
-0.31720716207766847
1.837346730049857e-5
-0.0008182742152724418
-0.3331501091023613
-1.255684210831015
-0.5623127449840555
1.6629672108123286
1.6493137806734317
-2.1432917292765694
-0.31870951730141966
1.837346730049857e-5
-0.0008182742152724418
-0.3318664937656007
-1.2560937132590184
-0.5624608724960688
1.662595773287557
1.6499546540236676
-2.1429532667303093
-0.3199954160245345
1.837346730049857e-5
-0.0008182742152724418
-0.3306258740500474
-1.2564688594769455
-0.5627046468953197
1.6621022201169793
1.6504575983765029
-2.142624011227454
-0.3210649593073692
1.837346730049857e-5
-0.0008182742152724418
-0.3306258740500474
-1.2564688594769455
-0.5627046468953197
1.6621022201169793
1.6504575983765029
-2.142624011227454
-0.3210649593073692
1.837346730049857e-5
-0.0008182742152724418
-0.3306258740500474
-1.2564688594769455
-0.5627046468953197
1.6621022201169793
1.6504575983765029
-2.142624011227454
-0.3210649593073692
1.837346730049857e-5
-0.0008182742152724418
-0.3306258740500474
-1.2564688594769455
-0.5627046468953197
1.6621022201169793
1.6504575983765029
-2.142624011227454
-0.3210649593073692
1.837346730049857e-5
-0.0008182742152724418
-0.3306258740500474
-1.2564688594769455
-0.5627046468953197
1.6621022201169793
1.6504575983765029
-2.142624011227454
-0.3210649593073692
1.837346730049857e-5
-0.0008182742152724418
-0.3306258740500474
-1.2564688594769455
-0.5627046468953197
1.6621022201169793
1.6504575983765029
-2.142624011227454
-0.3210649593073692
1.837346730049857e-5
-0.0008182742152724418
-0.3306258740500474
-1.2564688594769455
-0.5627046468953197
1.6621022201169793
1.6504575983765029
-2.142624011227454
-0.3210649593073692
1.837346730049857e-5
-0.0008182742152724418
-0.3306258740500474
-1.2564688594769455
-0.5627046468953197
1.6621022201169793
1.6504575983765029
-2.142624011227454
-0.3210649593073692
1.837346730049857e-5
-0.0008182742152724418
-0.3306258740500474
-1.2564688594769455
-0.5627046468953197
1.6621022201169793
1.6504575983765029
-2.142624011227454
-0.3210649593073692
1.837346730049857e-5
-0.0008182742152724418
-0.3306258740500474
-1.2564688594769455
-0.5627046468953197
1.6621022201169793
1.6504575983765029
-2.142624011227454
-0.3210649593073692
1.837346730049857e-5
-0.0008182742152724418
-0.3306258740500474
-1.2564688594769455
-0.5627046468953197
1.6621022201169793
1.6504575983765029
-2.142624011227454
-0.3210649593073692
1.837346730049857e-5
-0.0008182742152724418
-0.3306258740500474
-1.2564688594769455
-0.5627046468953197
1.6621022201169793
1.6504575983765029
-2.142624011227454
-0.3210649593073692
1.837346730049857e-5
-0.0008182742152724418
-0.3306258740500474
-1.2564688594769455
-0.5627046468953197
1.6621022201169793
1.6504575983765029
-2.142624011227454
-0.3210649593073692
1.837346730049857e-5
-0.0008182742152724418
-0.3306258740500474
-1.2564688594769455
-0.5627046468953197
1.6621022201169793
1.6504575983765029
-2.142624011227454
-0.3210649593073692
1.837346730049857e-5
-0.0008182742152724418
-0.3306258740500474
-1.2564688594769455
-0.5627046468953197
1.6621022201169793
1.6504575983765029
-2.142624011227454
-0.3210649593073692
1.837346730049857e-5
-0.0008182742152724418
-0.3306258740500474
-1.2564688594769455
-0.5627046468953197
1.6621022201169793
1.6504575983765029
-2.142624011227454
-0.3210649593073692
1.837346730049857e-5
-0.0008182742152724418
-0.3306258740500474
-1.2564688594769455
-0.5627046468953197
1.6621022201169793
1.6504575983765029
-2.142624011227454
-0.3210649593073692
1.837346730049857e-5
-0.0008182742152724418
-0.3306258740500474
-1.2564688594769455
-0.5627046468953197
1.6621022201169793
1.6504575983765029
-2.142624011227454
-0.3210649593073692
1.837346730049857e-5
-0.0008182742152724418
-0.3306258740500474
-1.2564688594769455
-0.5627046468953197
1.6621022201169793
1.6504575983765029
-2.142624011227454
-0.3210649593073692
1.837346730049857e-5
-0.0008182742152724418
-0.3306258740500474
-1.2564688594769455
-0.5627046468953197
1.6621022201169793
1.6504575983765029
-2.142624011227454
-0.3210649593073692
1.837346730049857e-5
-0.0008182742152724418
-0.3306258740500474
-1.2564688594769455
-0.5627046468953197
1.6621022201169793
1.6504575983765029
-2.142624011227454
-0.3210649593073692
1.837346730049857e-5
-0.0008182742152724418
-0.3306258740500474
-1.2564688594769455
-0.5627046468953197
1.6621022201169793
1.6504575983765029
-2.142624011227454
-0.3210649593073692
1.837346730049857e-5
-0.0008182742152724418
-0.3306258740500474
-1.2564688594769455
-0.5627046468953197
1.6621022201169793
1.6504575983765029
-2.142624011227454
-0.3210649593073692
1.837346730049857e-5
-0.0008182742152724418
-0.3306258740500474
-1.2564688594769455
-0.5627046468953197
1.6621022201169793
1.6504575983765029
-2.142624011227454
-0.3210649593073692
1.837346730049857e-5
-0.0008182742152724418
-0.3306258740500474
-1.2564688594769455
-0.5627046468953197
1.6621022201169793
1.6504575983765029
-2.142624011227454
-0.3210649593073692
1.837346730049857e-5
-0.0008182742152724418
-0.3306258740500474
-1.2564688594769455
-0.5627046468953197
1.6621022201169793
1.6504575983765029
-2.142624011227454
-0.3210649593073692
1.837346730049857e-5
-0.0008182742152724418
-0.3306258740500474
-1.2564688594769455
-0.5627046468953197
1.6621022201169793
1.6504575983765029
-2.142624011227454
-0.3210649593073692
1.837346730049857e-5
-0.0008182742152724418
-0.3306258740500474
-1.2564688594769455
-0.5627046468953197
1.6621022201169793
1.6504575983765029
-2.142624011227454
-0.3210649593073692
1.837346730049857e-5
-0.0008182742152724418
-0.3306258740500474
-1.2564688594769455
-0.5627046468953197
1.6621022201169793
1.6504575983765029
-2.142624011227454
-0.3210649593073692
1.837346730049857e-5
-0.0008182742152724418
-0.3306258740500474
-1.2564688594769455
-0.5627046468953197
1.6621022201169793
1.6504575983765029
-2.142624011227454
-0.3210649593073692
1.837346730049857e-5
-0.0008182742152724418
-0.3306258740500474
-1.2564688594769455
-0.5627046468953197
1.6621022201169793
1.6504575983765029
-2.142624011227454
-0.3210649593073692
1.837346730049857e-5
-0.0008182742152724418
-0.3306258740500474
-1.2564688594769455
-0.5627046468953197
1.6621022201169793
1.6504575983765029
-2.142624011227454
-0.3210649593073692
1.837346730049857e-5
-0.0008182742152724418
-0.3306258740500474
-1.2564688594769455
-0.5627046468953197
1.6621022201169793
1.6504575983765029
-2.142624011227454
-0.3210649593073692
1.837346730049857e-5
-0.0008182742152724418
-0.3306258740500474
-1.2564688594769455
-0.5627046468953197
1.6621022201169793
1.6504575983765029
-2.142624011227454
-0.3210649593073692
1.837346730049857e-5
-0.0008182742152724418
-0.3306258740500474
-1.2564688594769455
-0.5627046468953197
1.6621022201169793
1.6504575983765029
-2.142624011227454
-0.3210649593073692
1.837346730049857e-5
-0.0008182742152724418
-0.3306258740500474
-1.2564688594769455
-0.5627046468953197
1.6621022201169793
1.6504575983765029
-2.142624011227454
-0.3210649593073692
1.837346730049857e-5
-0.0008182742152724418
-0.3306258740500474
-1.2564688594769455
-0.5627046468953197
1.6621022201169793
1.6504575983765029
-2.142624011227454
-0.3210649593073692
1.837346730049857e-5
-0.0008182742152724418
-0.3306258740500474
-1.2564688594769455
-0.5627046468953197
1.6621022201169793
1.6504575983765029
-2.142624011227454
-0.3210649593073692
1.837346730049857e-5
-0.0008182742152724418
-0.3306258740500474
-1.2564688594769455
-0.5627046468953197
1.6621022201169793
1.6504575983765029
-2.142624011227454
-0.3210649593073692
1.837346730049857e-5
-0.0008182742152724418
-0.3306258740500474
-1.2564688594769455
-0.5627046468953197
1.6621022201169793
1.6504575983765029
-2.142624011227454
-0.3210649593073692
1.837346730049857e-5
-0.0008182742152724418
-0.3306258740500474
-1.2564688594769455
-0.5627046468953197
1.6621022201169793
1.6504575983765029
-2.142624011227454
-0.3210649593073692
1.837346730049857e-5
-0.0008182742152724418
-0.3306258740500474
-1.2564688594769455
-0.5627046468953197
1.6621022201169793
1.6504575983765029
-2.142624011227454
-0.3210649593073692
1.837346730049857e-5
-0.0008182742152724418
-0.3306258740500474
-1.2564688594769455
-0.5627046468953197
1.6621022201169793
1.6504575983765029
-2.142624011227454
-0.3210649593073692
1.837346730049857e-5
-0.0008182742152724418
-0.3306258740500474
-1.2564688594769455
-0.5627046468953197
1.6621022201169793
1.6504575983765029
-2.142624011227454
-0.3210649593073692
1.837346730049857e-5
-0.0008182742152724418
-0.3306258740500474
-1.2564688594769455
-0.5627046468953197
1.6621022201169793
1.6504575983765029
-2.142624011227454
-0.3210649593073692
1.837346730049857e-5
-0.0008182742152724418
-0.3306258740500474
-1.2564688594769455
-0.5627046468953197
1.6621022201169793
1.6504575983765029
-2.142624011227454
-0.3210649593073692
1.837346730049857e-5
-0.0008182742152724418
-0.3306258740500474
-1.2564688594769455
-0.5627046468953197
1.6621022201169793
1.6504575983765029
-2.142624011227454
-0.3210649593073692
1.837346730049857e-5
-0.0008182742152724418
-0.3306258740500474
-1.2564688594769455
-0.5627046468953197
1.6621022201169793
1.6504575983765029
-2.142624011227454
-0.3210649593073692
1.837346730049857e-5
-0.0008182742152724418
-0.3306258740500474
-1.2564688594769455
-0.5627046468953197
1.6621022201169793
1.6504575983765029
-2.142624011227454
-0.3210649593073692
1.837346730049857e-5
-0.0008182742152724418
-0.3306258740500474
-1.2564688594769455
-0.5627046468953197
1.6621022201169793
1.6504575983765029
-2.142624011227454
-0.3210649593073692
1.837346730049857e-5
-0.0008182742152724418
-0.3306258740500474
-1.2564688594769455
-0.5627046468953197
1.6621022201169793
1.6504575983765029
-2.142624011227454
-0.3210649593073692
1.837346730049857e-5
-0.0008182742152724418
-0.3306258740500474
-1.2564688594769455
-0.5627046468953197
1.6621022201169793
1.6504575983765029
-2.142624011227454
-0.3210649593073692
1.837346730049857e-5
-0.0008182742152724418
-0.3306258740500474
-1.2564688594769455
-0.5627046468953197
1.6621022201169793
1.6504575983765029
-2.142624011227454
-0.3210649593073692
1.837346730049857e-5
-0.0008182742152724418
-0.3306258740500474
-1.2564688594769455
-0.5627046468953197
1.6621022201169793
1.6504575983765029
-2.142624011227454
-0.3210649593073692
1.837346730049857e-5
-0.0008182742152724418
-0.3306258740500474
-1.2564688594769455
-0.5627046468953197
1.6621022201169793
1.6504575983765029
-2.142624011227454
-0.3210649593073692
1.837346730049857e-5
-0.0008182742152724418
-0.3306258740500474
-1.2564688594769455
-0.5627046468953197
1.6621022201169793
1.6504575983765029
-2.142624011227454
-0.3210649593073692
1.837346730049857e-5
-0.0008182742152724418
-0.3306258740500474
-1.2564688594769455
-0.5627046468953197
1.6621022201169793
1.6504575983765029
-2.142624011227454
-0.3210649593073692
1.837346730049857e-5
-0.0008182742152724418
-0.3306258740500474
-1.2564688594769455
-0.5627046468953197
1.6621022201169793
1.6504575983765029
-2.142624011227454
-0.3210649593073692
1.837346730049857e-5
-0.0008182742152724418
-0.3306258740500474
-1.2564688594769455
-0.5627046468953197
1.6621022201169793
1.6504575983765029
-2.142624011227454
-0.3210649593073692
1.837346730049857e-5
-0.0008182742152724418
-0.3306258740500474
-1.2564688594769455
-0.5627046468953197
1.6621022201169793
1.6504575983765029
-2.142624011227454
-0.3210649593073692
1.837346730049857e-5
-0.0008182742152724418
-0.3306258740500474
-1.2564688594769455
-0.5627046468953197
1.6621022201169793
1.6504575983765029
-2.142624011227454
-0.3210649593073692
1.837346730049857e-5
-0.0008182742152724418
-0.3306258740500474
-1.2564688594769455
-0.5627046468953197
1.6621022201169793
1.6504575983765029
-2.142624011227454
-0.3210649593073692
1.837346730049857e-5
-0.0008182742152724418
-0.3306258740500474
-1.2564688594769455
-0.5627046468953197
1.6621022201169793
1.6504575983765029
-2.142624011227454
-0.3210649593073692
1.837346730049857e-5
-0.0008182742152724418
-0.3306258740500474
-1.2564688594769455
-0.5627046468953197
1.6621022201169793
1.6504575983765029
-2.142624011227454
-0.3210649593073692
1.837346730049857e-5
-0.0008182742152724418
-0.3306258740500474
-1.2564688594769455
-0.5627046468953197
1.6621022201169793
1.6504575983765029
-2.142624011227454
-0.3210649593073692
1.837346730049857e-5
-0.0008182742152724418
-0.3306258740500474
-1.2564688594769455
-0.5627046468953197
1.6621022201169793
1.6504575983765029
-2.142624011227454
-0.3210649593073692
1.837346730049857e-5
-0.0008182742152724418
-0.3306258740500474
-1.2564688594769455
-0.5627046468953197
1.6621022201169793
1.6504575983765029
-2.142624011227454
-0.3210649593073692
1.837346730049857e-5
-0.0008182742152724418
-0.3306258740500474
-1.2564688594769455
-0.5627046468953197
1.6621022201169793
1.6504575983765029
-2.142624011227454
-0.3210649593073692
1.837346730049857e-5
-0.0008182742152724418
-0.3306258740500474
-1.2564688594769455
-0.5627046468953197
1.6621022201169793
1.6504575983765029
-2.142624011227454
-0.3210649593073692
1.837346730049857e-5
-0.0008182742152724418
-0.3306258740500474
-1.2564688594769455
-0.5627046468953197
1.6621022201169793
1.6504575983765029
-2.142624011227454
-0.3210649593073692
1.837346730049857e-5
-0.0008182742152724418
-0.3306258740500474
-1.2564688594769455
-0.5627046468953197
1.6621022201169793
1.6504575983765029
-2.142624011227454
-0.3210649593073692
1.837346730049857e-5
-0.0008182742152724418
-0.3306258740500474
-1.2564688594769455
-0.5627046468953197
1.6621022201169793
1.6504575983765029
-2.142624011227454
-0.3210649593073692
1.837346730049857e-5
-0.0008182742152724418
-0.3306258740500474
-1.2564688594769455
-0.5627046468953197
1.6621022201169793
1.6504575983765029
-2.142624011227454
-0.3210649593073692
1.837346730049857e-5
-0.0008182742152724418
-0.3306258740500474
-1.2564688594769455
-0.5627046468953197
1.6621022201169793
1.6504575983765029
-2.142624011227454
-0.3210649593073692
1.837346730049857e-5
-0.0008182742152724418
-0.3306258740500474
-1.2564688594769455
-0.5627046468953197
1.6621022201169793
1.6504575983765029
-2.142624011227454
-0.3210649593073692
1.837346730049857e-5
-0.0008182742152724418
-0.3306258740500474
-1.2564688594769455
-0.5627046468953197
1.6621022201169793
1.6504575983765029
-2.142624011227454
-0.3210649593073692
1.837346730049857e-5
-0.0008182742152724418
-0.3306258740500474
-1.2564688594769455
-0.5627046468953197
1.6621022201169793
1.6504575983765029
-2.142624011227454
-0.3210649593073692
1.837346730049857e-5
-0.0008182742152724418
-0.3306258740500474
-1.2564688594769455
-0.5627046468953197
1.6621022201169793
1.6504575983765029
-2.142624011227454
-0.3210649593073692
1.837346730049857e-5
-0.0008182742152724418
-0.3306258740500474
-1.2564688594769455
-0.5627046468953197
1.6621022201169793
1.6504575983765029
-2.142624011227454
-0.3210649593073692
1.837346730049857e-5
-0.0008182742152724418
-0.3306258740500474
-1.2564688594769455
-0.5627046468953197
1.6621022201169793
1.6504575983765029
-2.142624011227454
-0.3210649593073692
1.837346730049857e-5
-0.0008182742152724418
-0.3306258740500474
-1.2564688594769455
-0.5627046468953197
1.6621022201169793
1.6504575983765029
-2.142624011227454
-0.3210649593073692
1.837346730049857e-5
-0.0008182742152724418
-0.3306258740500474
-1.2564688594769455
-0.5627046468953197
1.6621022201169793
1.6504575983765029
-2.142624011227454
-0.3210649593073692
1.837346730049857e-5
-0.0008182742152724418
-0.3306258740500474
-1.2564688594769455
-0.5627046468953197
1.6621022201169793
1.6504575983765029
-2.142624011227454
-0.3210649593073692
1.837346730049857e-5
-0.0008182742152724418
-0.3306258740500474
-1.2564688594769455
-0.5627046468953197
1.6621022201169793
1.6504575983765029
-2.142624011227454
-0.3210649593073692
1.837346730049857e-5
-0.0008182742152724418
-0.3306258740500474
-1.2564688594769455
-0.5627046468953197
1.6621022201169793
1.6504575983765029
-2.142624011227454
-0.3210649593073692
1.837346730049857e-5
-0.0008182742152724418
-0.3306258740500474
-1.2564688594769455
-0.5627046468953197
1.6621022201169793
1.6504575983765029
-2.142624011227454
-0.3210649593073692
1.837346730049857e-5
-0.0008182742152724418
-0.3306258740500474
-1.2564688594769455
-0.5627046468953197
1.6621022201169793
1.6504575983765029
-2.142624011227454
-0.3210649593073692
1.837346730049857e-5
-0.0008182742152724418
-0.3306258740500474
-1.2564688594769455
-0.5627046468953197
1.6621022201169793
1.6504575983765029
-2.142624011227454
-0.3210649593073692
1.837346730049857e-5
-0.0008182742152724418
-0.3306258740500474
-1.2564688594769455
-0.5627046468953197
1.6621022201169793
1.6504575983765029
-2.142624011227454
-0.3210649593073692
1.837346730049857e-5
-0.0008182742152724418
-0.3306258740500474
-1.2564688594769455
-0.5627046468953197
1.6621022201169793
1.6504575983765029
-2.142624011227454
-0.3210649593073692
1.837346730049857e-5
-0.0008182742152724418
-0.3306258740500474
-1.2564688594769455
-0.5627046468953197
1.6621022201169793
1.6504575983765029
-2.142624011227454
-0.3210649593073692
1.837346730049857e-5
-0.0008182742152724418
-0.3306258740500474
-1.2564688594769455
-0.5627046468953197
1.6621022201169793
1.6504575983765029
-2.142624011227454
-0.3210649593073692
1.837346730049857e-5
-0.0008182742152724418
-0.3306258740500474
-1.2564688594769455
-0.5627046468953197
1.6621022201169793
1.6504575983765029
-2.142624011227454
-0.3210649593073692
1.837346730049857e-5
-0.0008182742152724418
-0.3306258740500474
-1.2564688594769455
-0.5627046468953197
1.6621022201169793
1.6504575983765029
-2.142624011227454
-0.3210649593073692
1.837346730049857e-5
-0.0008182742152724418
-0.3306258740500474
-1.2564688594769455
-0.5627046468953197
1.6621022201169793
1.6504575983765029
-2.142624011227454
-0.3210649593073692
1.837346730049857e-5
-0.0008182742152724418
-0.3306258740500474
-1.2564688594769455
-0.5627046468953197
1.6621022201169793
1.6504575983765029
-2.142624011227454
-0.3210649593073692
1.837346730049857e-5
-0.0008182742152724418
-0.3306258740500474
-1.2564688594769455
-0.5627046468953197
1.6621022201169793
1.6504575983765029
-2.142624011227454
-0.3210649593073692
1.837346730049857e-5
-0.0008182742152724418
-0.3306258740500474
-1.2564688594769455
-0.5627046468953197
1.6621022201169793
1.6504575983765029
-2.142624011227454
-0.3210649593073692
1.837346730049857e-5
-0.0008182742152724418
-0.3306258740500474
-1.2564688594769455
-0.5627046468953197
1.6621022201169793
1.6504575983765029
-2.142624011227454
-0.3210649593073692
1.837346730049857e-5
-0.0008182742152724418
-0.3306258740500474
-1.2564688594769455
-0.5627046468953197
1.6621022201169793
1.6504575983765029
-2.142624011227454
-0.3210649593073692
1.837346730049857e-5
-0.0008182742152724418
-0.3306258740500474
-1.2564688594769455
-0.5627046468953197
1.6621022201169793
1.6504575983765029
-2.142624011227454
-0.3210649593073692
1.837346730049857e-5
-0.0008182742152724418
-0.3306258740500474
-1.2564688594769455
-0.5627046468953197
1.6621022201169793
1.6504575983765029
-2.142624011227454
-0.3210649593073692
1.837346730049857e-5
-0.0008182742152724418
-0.3306258740500474
-1.2564688594769455
-0.5627046468953197
1.6621022201169793
1.6504575983765029
-2.142624011227454
-0.3210649593073692
1.837346730049857e-5
-0.0008182742152724418
-0.3306258740500474
-1.2564688594769455
-0.5627046468953197
1.6621022201169793
1.6504575983765029
-2.142624011227454
-0.3210649593073692
1.837346730049857e-5
-0.0008182742152724418
-0.3306258740500474
-1.2564688594769455
-0.5627046468953197
1.6621022201169793
1.6504575983765029
-2.142624011227454
-0.3210649593073692
1.837346730049857e-5
-0.0008182742152724418
-0.3306258740500474
-1.2564688594769455
-0.5627046468953197
1.6621022201169793
1.6504575983765029
-2.142624011227454
-0.3210649593073692
1.837346730049857e-5
-0.0008182742152724418
-0.3306258740500474
-1.2564688594769455
-0.5627046468953197
1.6621022201169793
1.6504575983765029
-2.142624011227454
-0.3210649593073692
1.837346730049857e-5
-0.0008182742152724418
-0.3306258740500474
-1.2564688594769455
-0.5627046468953197
1.6621022201169793
1.6504575983765029
-2.142624011227454
-0.3210649593073692
1.837346730049857e-5
-0.0008182742152724418
-0.3306258740500474
-1.2564688594769455
-0.5627046468953197
1.6621022201169793
1.6504575983765029
-2.142624011227454
-0.3210649593073692
1.837346730049857e-5
-0.0008182742152724418
-0.3306258740500474
-1.2564688594769455
-0.5627046468953197
1.6621022201169793
1.6504575983765029
-2.142624011227454
-0.3210649593073692
1.837346730049857e-5
-0.0008182742152724418
-0.3306258740500474
-1.2564688594769455
-0.5627046468953197
1.6621022201169793
1.6504575983765029
-2.142624011227454
-0.3210649593073692
1.837346730049857e-5
-0.0008182742152724418
-0.3306258740500474
-1.2564688594769455
-0.5627046468953197
1.6621022201169793
1.6504575983765029
-2.142624011227454
-0.3210649593073692
1.837346730049857e-5
-0.0008182742152724418
-0.3306258740500474
-1.2564688594769455
-0.5627046468953197
1.6621022201169793
1.6504575983765029
-2.142624011227454
-0.3210649593073692
1.837346730049857e-5
-0.0008182742152724418
-0.3306258740500474
-1.2564688594769455
-0.5627046468953197
1.6621022201169793
1.6504575983765029
-2.142624011227454
-0.3210649593073692
1.837346730049857e-5
-0.0008182742152724418
-0.3306258740500474
-1.2564688594769455
-0.5627046468953197
1.6621022201169793
1.6504575983765029
-2.142624011227454
-0.3210649593073692
1.837346730049857e-5
-0.0008182742152724418
-0.3306258740500474
-1.2564688594769455
-0.5627046468953197
1.6621022201169793
1.6504575983765029
-2.142624011227454
-0.3210649593073692
1.837346730049857e-5
-0.0008182742152724418
-0.3306258740500474
-1.2564688594769455
-0.5627046468953197
1.6621022201169793
1.6504575983765029
-2.142624011227454
-0.3210649593073692
1.837346730049857e-5
-0.0008182742152724418
-0.3306258740500474
-1.2564688594769455
-0.5627046468953197
1.6621022201169793
1.6504575983765029
-2.142624011227454
-0.3210649593073692
1.837346730049857e-5
-0.0008182742152724418
-0.3306258740500474
-1.2564688594769455
-0.5627046468953197
1.6621022201169793
1.6504575983765029
-2.142624011227454
-0.3210649593073692
1.837346730049857e-5
-0.0008182742152724418
-0.3306258740500474
-1.2564688594769455
-0.5627046468953197
1.6621022201169793
1.6504575983765029
-2.142624011227454
-0.3210649593073692
1.837346730049857e-5
-0.0008182742152724418
-0.3306258740500474
-1.2564688594769455
-0.5627046468953197
1.6621022201169793
1.6504575983765029
-2.142624011227454
-0.3210649593073692
1.837346730049857e-5
-0.0008182742152724418
-0.3306258740500474
-1.2564688594769455
-0.5627046468953197
1.6621022201169793
1.6504575983765029
-2.142624011227454
-0.3210649593073692
1.837346730049857e-5
-0.0008182742152724418
-0.3306258740500474
-1.2564688594769455
-0.5627046468953197
1.6621022201169793
1.6504575983765029
-2.142624011227454
-0.3210649593073692
1.837346730049857e-5
-0.0008182742152724418
-0.3306258740500474
-1.2564688594769455
-0.5627046468953197
1.6621022201169793
1.6504575983765029
-2.142624011227454
-0.3210649593073692
1.837346730049857e-5
-0.0008182742152724418
-0.3306258740500474
-1.2564688594769455
-0.5627046468953197
1.6621022201169793
1.6504575983765029
-2.142624011227454
-0.3210649593073692
1.837346730049857e-5
-0.0008182742152724418
-0.3306258740500474
-1.2564688594769455
-0.5627046468953197
1.6621022201169793
1.6504575983765029
-2.142624011227454
-0.3210649593073692
1.837346730049857e-5
-0.0008182742152724418
-0.3306258740500474
-1.2564688594769455
-0.5627046468953197
1.6621022201169793
1.6504575983765029
-2.142624011227454
-0.3210649593073692
1.837346730049857e-5
-0.0008182742152724418
-0.3306258740500474
-1.2564688594769455
-0.5627046468953197
1.6621022201169793
1.6504575983765029
-2.142624011227454
-0.3210649593073692
1.837346730049857e-5
-0.0008182742152724418
-0.3306258740500474
-1.2564688594769455
-0.5627046468953197
1.6621022201169793
1.6504575983765029
-2.142624011227454
-0.3210649593073692
1.837346730049857e-5
-0.0008182742152724418
-0.3306258740500474
-1.2564688594769455
-0.5627046468953197
1.6621022201169793
1.6504575983765029
-2.142624011227454
-0.3210649593073692
1.837346730049857e-5
-0.0008182742152724418
-0.3306258740500474
-1.2564688594769455
-0.5627046468953197
1.6621022201169793
1.6504575983765029
-2.142624011227454
-0.3210649593073692
1.837346730049857e-5
-0.0008182742152724418
-0.3306258740500474
-1.2564688594769455
-0.5627046468953197
1.6621022201169793
1.6504575983765029
-2.142624011227454
-0.3210649593073692
1.837346730049857e-5
-0.0008182742152724418
-0.3306258740500474
-1.2564688594769455
-0.5627046468953197
1.6621022201169793
1.6504575983765029
-2.142624011227454
-0.3210649593073692
1.837346730049857e-5
-0.0008182742152724418
-0.3306258740500474
-1.2564688594769455
-0.5627046468953197
1.6621022201169793
1.6504575983765029
-2.142624011227454
-0.3210649593073692
1.837346730049857e-5
-0.0008182742152724418
-0.3306258740500474
-1.2564688594769455
-0.5627046468953197
1.6621022201169793
1.6504575983765029
-2.142624011227454
-0.3210649593073692
1.837346730049857e-5
-0.0008182742152724418
-0.3306258740500474
-1.2564688594769455
-0.5627046468953197
1.6621022201169793
1.6504575983765029
-2.142624011227454
-0.3210649593073692
1.837346730049857e-5
-0.0008182742152724418
-0.3306258740500474
-1.2564688594769455
-0.5627046468953197
1.6621022201169793
1.6504575983765029
-2.142624011227454
-0.3210649593073692
1.837346730049857e-5
-0.0008182742152724418
-0.3306258740500474
-1.2564688594769455
-0.5627046468953197
1.6621022201169793
1.6504575983765029
-2.142624011227454
-0.3210649593073692
1.837346730049857e-5
-0.0008182742152724418
-0.3306258740500474
-1.2564688594769455
-0.5627046468953197
1.6621022201169793
1.6504575983765029
-2.142624011227454
-0.3210649593073692
1.837346730049857e-5
-0.0008182742152724418
-0.3306258740500474
-1.2564688594769455
-0.5627046468953197
1.6621022201169793
1.6504575983765029
-2.142624011227454
-0.3210649593073692
1.837346730049857e-5
-0.0008182742152724418
-0.3306258740500474
-1.2564688594769455
-0.5627046468953197
1.6621022201169793
1.6504575983765029
-2.142624011227454
-0.3210649593073692
1.837346730049857e-5
-0.0008182742152724418
-0.3306258740500474
-1.2564688594769455
-0.5627046468953197
1.6621022201169793
1.6504575983765029
-2.142624011227454
-0.3210649593073692
1.837346730049857e-5
-0.0008182742152724418
-0.3306258740500474
-1.2564688594769455
-0.5627046468953197
1.6621022201169793
1.6504575983765029
-2.142624011227454
-0.3210649593073692
1.837346730049857e-5
-0.0008182742152724418
-0.3306258740500474
-1.2564688594769455
-0.5627046468953197
1.6621022201169793
1.6504575983765029
-2.142624011227454
-0.3210649593073692
1.837346730049857e-5
-0.0008182742152724418
-0.3306258740500474
-1.2564688594769455
-0.5627046468953197
1.6621022201169793
1.6504575983765029
-2.142624011227454
-0.3210649593073692
1.837346730049857e-5
-0.0008182742152724418
-0.3306258740500474
-1.2564688594769455
-0.5627046468953197
1.6621022201169793
1.6504575983765029
-2.142624011227454
-0.3210649593073692
1.837346730049857e-5
-0.0008182742152724418
-0.3306258740500474
-1.2564688594769455
-0.5627046468953197
1.6621022201169793
1.6504575983765029
-2.142624011227454
-0.3210649593073692
1.837346730049857e-5
-0.0008182742152724418
-0.3306258740500474
-1.2564688594769455
-0.5627046468953197
1.6621022201169793
1.6504575983765029
-2.142624011227454
-0.3210649593073692
1.837346730049857e-5
-0.0008182742152724418
-0.3306258740500474
-1.2564688594769455
-0.5627046468953197
1.6621022201169793
1.6504575983765029
-2.142624011227454
-0.3210649593073692
1.837346730049857e-5
-0.0008182742152724418
-0.3306258740500474
-1.2564688594769455
-0.5627046468953197
1.6621022201169793
1.6504575983765029
-2.142624011227454
-0.3210649593073692
1.837346730049857e-5
-0.0008182742152724418
-0.3306258740500474
-1.2564688594769455
-0.5627046468953197
1.6621022201169793
1.6504575983765029
-2.142624011227454
-0.3210649593073692
1.837346730049857e-5
-0.0008182742152724418
-0.3306258740500474
-1.2564688594769455
-0.5627046468953197
1.6621022201169793
1.6504575983765029
-2.142624011227454
-0.3210649593073692
1.837346730049857e-5
-0.0008182742152724418
-0.3306258740500474
-1.2564688594769455
-0.5627046468953197
1.6621022201169793
1.6504575983765029
-2.142624011227454
-0.3210649593073692
1.837346730049857e-5
-0.0008182742152724418
-0.3306258740500474
-1.2564688594769455
-0.5627046468953197
1.6621022201169793
1.6504575983765029
-2.142624011227454
-0.3210649593073692
1.837346730049857e-5
-0.0008182742152724418
-0.3306258740500474
-1.2564688594769455
-0.5627046468953197
1.6621022201169793
1.6504575983765029
-2.142624011227454
-0.3210649593073692
1.837346730049857e-5
-0.0008182742152724418
-0.3306258740500474
-1.2564688594769455
-0.5627046468953197
1.6621022201169793
1.6504575983765029
-2.142624011227454
-0.3210649593073692
1.837346730049857e-5
-0.0008182742152724418
-0.3306258740500474
-1.2564688594769455
-0.5627046468953197
1.6621022201169793
1.6504575983765029
-2.142624011227454
-0.3210649593073692
1.837346730049857e-5
-0.0008182742152724418
-0.3306258740500474
-1.2564688594769455
-0.5627046468953197
1.6621022201169793
1.6504575983765029
-2.142624011227454
-0.3210649593073692
1.837346730049857e-5
-0.0008182742152724418
-0.3306258740500474
-1.2564688594769455
-0.5627046468953197
1.6621022201169793
1.6504575983765029
-2.142624011227454
-0.3210649593073692
1.837346730049857e-5
-0.0008182742152724418
-0.3306258740500474
-1.2564688594769455
-0.5627046468953197
1.6621022201169793
1.6504575983765029
-2.142624011227454
-0.3210649593073692
1.837346730049857e-5
-0.0008182742152724418
-0.3306258740500474
-1.2564688594769455
-0.5627046468953197
1.6621022201169793
1.6504575983765029
-2.142624011227454
-0.3210649593073692
1.837346730049857e-5
-0.0008182742152724418
-0.3306258740500474
-1.2564688594769455
-0.5627046468953197
1.6621022201169793
1.6504575983765029
-2.142624011227454
-0.3210649593073692
1.837346730049857e-5
-0.0008182742152724418
-0.3306258740500474
-1.2564688594769455
-0.5627046468953197
1.6621022201169793
1.6504575983765029
-2.142624011227454
-0.3210649593073692
1.837346730049857e-5
-0.0008182742152724418
-0.3306258740500474
-1.2564688594769455
-0.5627046468953197
1.6621022201169793
1.6504575983765029
-2.142624011227454
-0.3210649593073692
1.837346730049857e-5
-0.0008182742152724418
-0.3306258740500474
-1.2564688594769455
-0.5627046468953197
1.6621022201169793
1.6504575983765029
-2.142624011227454
-0.3210649593073692
1.837346730049857e-5
-0.0008182742152724418
-0.3306258740500474
-1.2564688594769455
-0.5627046468953197
1.6621022201169793
1.6504575983765029
-2.142624011227454
-0.3210649593073692
1.837346730049857e-5
-0.0008182742152724418
-0.3306258740500474
-1.2564688594769455
-0.5627046468953197
1.6621022201169793
1.6504575983765029
-2.142624011227454
-0.3210649593073692
1.837346730049857e-5
-0.0008182742152724418
-0.3306258740500474
-1.2564688594769455
-0.5627046468953197
1.6621022201169793
1.6504575983765029
-2.142624011227454
-0.3210649593073692
1.837346730049857e-5
-0.0008182742152724418
-0.3306258740500474
-1.2564688594769455
-0.5627046468953197
1.6621022201169793
1.6504575983765029
-2.142624011227454
-0.3210649593073692
1.837346730049857e-5
-0.0008182742152724418
-0.3306258740500474
-1.2564688594769455
-0.5627046468953197
1.6621022201169793
1.6504575983765029
-2.142624011227454
-0.3210649593073692
1.837346730049857e-5
-0.0008182742152724418
-0.3306258740500474
-1.2564688594769455
-0.5627046468953197
1.6621022201169793
1.6504575983765029
-2.142624011227454
-0.3210649593073692
1.837346730049857e-5
-0.0008182742152724418
-0.3306258740500474
-1.2564688594769455
-0.5627046468953197
1.6621022201169793
1.6504575983765029
-2.142624011227454
-0.3210649593073692
1.837346730049857e-5
-0.0008182742152724418
-0.3306258740500474
-1.2564688594769455
-0.5627046468953197
1.6621022201169793
1.6504575983765029
-2.142624011227454
-0.3210649593073692
1.837346730049857e-5
-0.0008182742152724418
-0.3306258740500474
-1.2564688594769455
-0.5627046468953197
1.6621022201169793
1.6504575983765029
-2.142624011227454
-0.3210649593073692
1.837346730049857e-5
-0.0008182742152724418
-0.3306258740500474
-1.2564688594769455
-0.5627046468953197
1.6621022201169793
1.6504575983765029
-2.142624011227454
-0.3210649593073692
1.837346730049857e-5
-0.0008182742152724418
-0.3306258740500474
-1.2564688594769455
-0.5627046468953197
1.6621022201169793
1.6504575983765029
-2.142624011227454
-0.3210649593073692
1.837346730049857e-5
-0.0008182742152724418
-0.3306258740500474
-1.2564688594769455
-0.5627046468953197
1.6621022201169793
1.6504575983765029
-2.142624011227454
-0.3210649593073692
1.837346730049857e-5
-0.0008182742152724418
-0.3306258740500474
-1.2564688594769455
-0.5627046468953197
1.6621022201169793
1.6504575983765029
-2.142624011227454
-0.3210649593073692
1.837346730049857e-5
-0.0008182742152724418
-0.3306258740500474
-1.2564688594769455
-0.5627046468953197
1.6621022201169793
1.6504575983765029
-2.142624011227454
-0.3210649593073692
1.837346730049857e-5
-0.0008182742152724418
-0.3306258740500474
-1.2564688594769455
-0.5627046468953197
1.6621022201169793
1.6504575983765029
-2.142624011227454
-0.3210649593073692
1.837346730049857e-5
-0.0008182742152724418
-0.3306258740500474
-1.2564688594769455
-0.5627046468953197
1.6621022201169793
1.6504575983765029
-2.142624011227454
-0.3210649593073692
1.837346730049857e-5
-0.0008182742152724418
-0.3306258740500474
-1.2564688594769455
-0.5627046468953197
1.6621022201169793
1.6504575983765029
-2.142624011227454
-0.3210649593073692
1.837346730049857e-5
-0.0008182742152724418
-0.3306258740500474
-1.2564688594769455
-0.5627046468953197
1.6621022201169793
1.6504575983765029
-2.142624011227454
-0.3210649593073692
1.837346730049857e-5
-0.0008182742152724418
-0.3306258740500474
-1.2564688594769455
-0.5627046468953197
1.6621022201169793
1.6504575983765029
-2.142624011227454
-0.3210649593073692
1.837346730049857e-5
-0.0008182742152724418
-0.3306258740500474
-1.2564688594769455
-0.5627046468953197
1.6621022201169793
1.6504575983765029
-2.142624011227454
-0.3210649593073692
1.837346730049857e-5
-0.0008182742152724418
-0.3306258740500474
-1.2564688594769455
-0.5627046468953197
1.6621022201169793
1.6504575983765029
-2.142624011227454
-0.3210649593073692
1.837346730049857e-5
-0.0008182742152724418
-0.3306258740500474
-1.2564688594769455
-0.5627046468953197
1.6621022201169793
1.6504575983765029
-2.142624011227454
-0.3210649593073692
1.837346730049857e-5
-0.0008182742152724418
-0.3306258740500474
-1.2564688594769455
-0.5627046468953197
1.6621022201169793
1.6504575983765029
-2.142624011227454
-0.3210649593073692
1.837346730049857e-5
-0.0008182742152724418
-0.3306258740500474
-1.2564688594769455
-0.5627046468953197
1.6621022201169793
1.6504575983765029
-2.142624011227454
-0.3210649593073692
1.837346730049857e-5
-0.0008182742152724418
-0.3306258740500474
-1.2564688594769455
-0.5627046468953197
1.6621022201169793
1.6504575983765029
-2.142624011227454
-0.3210649593073692
1.837346730049857e-5
-0.0008182742152724418
-0.3306258740500474
-1.2564688594769455
-0.5627046468953197
1.6621022201169793
1.6504575983765029
-2.142624011227454
-0.3210649593073692
1.837346730049857e-5
-0.0008182742152724418
-0.3306258740500474
-1.2564688594769455
-0.5627046468953197
1.6621022201169793
1.6504575983765029
-2.142624011227454
-0.3210649593073692
1.837346730049857e-5
-0.0008182742152724418
-0.3306258740500474
-1.2564688594769455
-0.5627046468953197
1.6621022201169793
1.6504575983765029
-2.142624011227454
-0.3210649593073692
1.837346730049857e-5
-0.0008182742152724418
-0.3306258740500474
-1.2564688594769455
-0.5627046468953197
1.6621022201169793
1.6504575983765029
-2.142624011227454
-0.3210649593073692
1.837346730049857e-5
-0.0008182742152724418
-0.3306258740500474
-1.2564688594769455
-0.5627046468953197
1.6621022201169793
1.6504575983765029
-2.142624011227454
-0.3210649593073692
1.837346730049857e-5
-0.0008182742152724418
-0.3306258740500474
-1.2564688594769455
-0.5627046468953197
1.6621022201169793
1.6504575983765029
-2.142624011227454
-0.3210649593073692
1.837346730049857e-5
-0.0008182742152724418
-0.3306258740500474
-1.2564688594769455
-0.5627046468953197
1.6621022201169793
1.6504575983765029
-2.142624011227454
-0.3210649593073692
1.837346730049857e-5
-0.0008182742152724418
-0.3306258740500474
-1.2564688594769455
-0.5627046468953197
1.6621022201169793
1.6504575983765029
-2.142624011227454
-0.3210649593073692
1.837346730049857e-5
-0.0008182742152724418
-0.3306258740500474
-1.2564688594769455
-0.5627046468953197
1.6621022201169793
1.6504575983765029
-2.142624011227454
-0.3210649593073692
1.837346730049857e-5
-0.0008182742152724418
-0.3306258740500474
-1.2564688594769455
-0.5627046468953197
1.6621022201169793
1.6504575983765029
-2.142624011227454
-0.3210649593073692
1.837346730049857e-5
-0.0008182742152724418
-0.3306258740500474
-1.2564688594769455
-0.5627046468953197
1.6621022201169793
1.6504575983765029
-2.142624011227454
-0.3210649593073692
1.837346730049857e-5
-0.0008182742152724418
-0.3306258740500474
-1.2564688594769455
-0.5627046468953197
1.6621022201169793
1.6504575983765029
-2.142624011227454
-0.3210649593073692
1.837346730049857e-5
-0.0008182742152724418
