0.0
0.0
0.0
0.0
0.0
0.0
0.0
0.0
0.0
0.8758166065113605
0.5948995055940429
0.38385376650815123
3.079845769594076
1.009073941066831
-2.82125089101453
-0.7841779073817632
0.0
0.0
0.8780240228199074
0.5726424426385983
0.3871736812127356
3.047438643510731
1.0149885768009403
-2.8054358938548036
-0.7961753160266698
0.0
0.0
0.8767763305959081
0.5476755377862861
0.390253156262524
3.006825759830442
1.018570436717583
-2.7846718457388637
-0.8047730949914509
0.0
0.0
0.8731165106851375
0.5204698161374203
0.3932914963472183
2.9600226759740713
1.0206905836760938
-2.7599504615899755
-0.8109217228975315
0.0
0.0
0.8679011939069089
0.49138358840129576
0.39644980073492186
2.9086138429507877
1.0220531153169958
-2.7320554890205115
-0.8154238504963631
0.0
0.0
0.8618267651569453
0.46068768612992944
0.39985384400421053
2.8538279630380368
1.0232159877240576
-2.7015966609952287
-0.8189501088713962
0.0
0.0
0.8554504858822363
0.4285845666233117
0.4035944349699261
2.796596380183152
1.0246094839798907
-2.669037084507546
-0.8220543155227462
0.0
0.0
0.8492108570253935
0.3952238901913022
0.4077311320032081
2.737598375234786
1.0265461669647133
-2.6347110192385435
-0.8251838435852992
0.0
0.0
0.843440836702228
0.3607169604139244
0.41229023833004974
2.677300010617153
1.0292306302183092
-2.598840641896053
-0.828690186257725
0.0
0.0
0.8383795336113079
0.3251490519380798
0.41726388955786026
2.6159822193641507
1.032766060033405
-2.561545533436339
-0.8328364837416986
0.0
0.0
0.8341818494965378
0.28859006789571234
0.42260894604036053
2.5537626642326408
1.037153688792286
-2.5228513942010085
-0.8378013401540457
0.0
0.0
0.8309219162524355
0.25110796859728524
0.42824094146337177
2.4906158721645193
1.0422947322499847
-2.4826956849109276
-0.8436821983451039
0.0
0.0
0.8285992913090834
0.21277952554173574
0.43403273911091317
2.426383545439707
1.047984777049498
-2.4409289133385825
-0.850494478883256
0.0
0.0
0.8271367739648833
0.17370389773240769
0.4398049670002438
2.360785881423961
1.053907628204842
-2.397317143367121
-0.858168500323685
0.0
0.0
0.8263795414909265
0.13401740382925353
0.4453195042910213
2.2934267026762227
1.0596259336618206
-2.351539759514495
-0.8665444167178634
0.0
0.0
0.8260913423270447
0.09391218039816437
0.4502706759163116
2.2238006492734734
1.06456703790493
-2.303190083595835
-0.875363255698219
0.0
0.0
0.8259465557185244
0.05364963597610386
0.4542728437270288
2.1512859888914866
1.0680066012632075
-2.251765836393347
-0.8842559918158273
0.0
0.0
0.8255215175606381
0.013582277418900848
0.45684815301980236
2.0751421712717457
1.0690475474306942
-2.196663744556292
-0.8927297871387996
0.0
0.0
0.8262382008995912
-0.027243973146720113
0.4594565320050386
1.9980770526120641
1.0705831760022946
-2.140390406466103
-0.902252228162471
0.0
0.0
0.8280975210136826
-0.06886669779070101
0.46209459955482035
1.9200388873011371
1.0726023736689299
-2.0829791314748016
-0.912823470964789
0.0
0.0
0.8310904089824737
-0.11131435977989465
0.4647575662014962
1.8409828637218
1.0750885226939146
-2.0244662452434956
-0.9244325076053496
0.0
0.0
0.8351991782615767
-0.1546018948540354
0.4674404614128954
1.7608779587240082
1.0780194997734764
-1.9648919053306768
-0.9370566881908438
0.0
0.0
0.8390463526897717
-0.19610712176063386
0.46867548041737883
1.679763029854611
1.0785165067198776
-1.9024408149298313
-0.9491236107100998
0.0
0.0
0.8430194377355772
-0.2365671513379994
0.46891863862631955
1.5976648205847426
1.0774924905408805
-1.8376794920080743
-0.9610227230892814
0.0
0.0
0.8474147756895758
-0.2765650279370061
0.4685363824520957
1.514628788529595
1.0756648609360029
-1.7710993239215536
-0.9730563664982829
0.0
0.0
0.8524476235154047
-0.3165384802662169
0.46781832445809124
1.430734491418147
1.073583347245936
-1.70313293765107
-0.985447012372676
0.0
0.0
0.8582607759841527
-0.3567857560157748
0.4669890697235267
1.3461086093082488
1.0716540608495975
-1.6341674079904125
-0.998342859914088
0.0
0.0
0.8649300497740202
-0.3974682294831028
0.46621739215329966
1.2609378614748974
1.0701576367587542
-1.564554455417226
-1.0118217411676875
0.0
0.0
0.8724673337589653
-0.43860972096340894
0.4656232671575888
1.1754828620069069
1.0692645582401787
-1.4946204315029756
-1.0258928213659644
0.0
0.0
0.8808213039127022
-0.4800931326369836
0.4652834714376277
1.0900914787155276
1.0690462228388564
-1.42467424238974
-1.0404961422425503
0.0
0.0
0.8898772440668383
-0.5216525431594011
0.46523669925706834
1.0052146914684625
1.0694820746125409
-1.355013952984087
-1.0554997745017667
0.0
0.0
0.8994531113821654
-0.5628626854901688
0.46548580367196474
0.9214235220945286
1.070465614890915
-1.285933295483923
-1.070695794145679
0.0
0.0
0.9092944881699286
-0.6031229793839007
0.4659999531657268
0.8394294766980741
1.071805350242593
-1.2177273791022338
-1.0857920836020374
0.0
0.0
0.9190664664424912
-0.6416382390004388
0.4667147356272387
0.7601056017540442
1.073224762563617
-1.1506967605882403
-1.1004028482343449
0.0
0.0
0.9283436103677865
-0.6773939149850932
0.46753199537796586
0.6845121906096179
1.0743582146583197
-1.0851520958558984
-1.1140346050394994
0.0
0.0
0.9365959200216087
-0.7091257714558589
0.46831724688446813
0.6139239124380897
1.0747447677747803
-1.021416057571607
-1.1260700040769402
0.0
0.0
0.9431719011251878
-0.7352833011841512
0.4688966770826478
0.549861123347785
1.0738181515840854
-0.9598245936494766
-1.1357462739021758
0.0
0.0
0.9472771345010469
-0.7539878107376691
0.4690527414445987
0.4941196146463409
1.0708934544916038
-0.9007229036276219
-1.1421288166608146
0.0
0.0
0.9515917385937922
-0.7700564105793143
0.4695971244304816
0.44438166360932163
1.0684980742863108
-0.8468994749947287
-1.1485723503079326
0.0
0.0
0.9561658199629792
-0.7832110102386283
0.47057094832589713
0.40153523236881794
1.0667020018857496
-0.7993429104010986
-1.1551951553633535
0.0
0.0
0.9610650400730012
-0.7931712601539311
0.4720224955093703
0.3665448632322518
1.0655920507479537
-0.7591480735827565
-1.1621427517175786
0.0
0.0
0.9663720692421377
-0.7996682195447926
0.4740080674882951
0.34044425092473063
1.0652734595297406
-0.727524767413512
-1.1695926589155998
0.0
0.0
0.969510809453984
-0.7983416088650666
0.47563386983014067
0.3269258299363106
1.06354322814956
-0.7026602319957653
-1.173999092276133
0.0
0.0
0.9714612996800818
-0.7901613345964043
0.4772655985811313
0.3264612077135085
1.061364558987393
-0.687025046570755
-1.1767220266928353
0.0
0.0
0.9726525985391803
-0.7780617704545535
0.4789897018344489
0.3330112445065656
1.0590196323889072
-0.6761049637201735
-1.1784100409822897
0.0
0.0
0.9736381423809484
-0.7632053316886076
0.4809787967520566
0.34552234437011303
1.0569605130472628
-0.6703068780117282
-1.1799004798955415
0.0
0.0
0.9748463820169699
-0.7466987408111917
0.48335197724547063
0.3628238340290906
1.0554945292927476
-0.6697703207794496
-1.1818846986283484
0.0
0.0
0.9765977856306081
-0.7296238879755774
0.486177269843979
0.38358857780641836
1.0548009675698768
-0.6743657808658869
-1.184922339287082
0.0
0.0
0.9791173609311027
-0.7130636527007709
0.4894720401722382
0.4062946185195023
1.0549424996711991
-0.6836896979326752
-1.1894527659038843
0.0
0.0
0.9825421811747389
-0.6981262674549432
0.4932006346140865
0.4291814904866917
1.0558685595140935
-0.6970527220914893
-1.1957996420024612
0.0
0.0
0.9866386248913681
-0.6824270503259272
0.49746419495568983
0.4561414009809034
1.0576483911450312
-0.716399015682043
-1.203497775416802
0.0
0.0
0.9911137698852699
-0.6632579043570306
0.5023639385880012
0.4915253328427756
1.06034977129626
-0.7438127815373885
-1.2119823499957043
0.0
0.0
0.9959275984966194
-0.6410642886519827
0.507833464595616
0.5344028532695149
1.063850562336688
-0.7787277061986331
-1.2212852240783794
0.0
0.0
1.0010268649066083
-0.6162376382374191
0.5138093078072051
0.5839271269574223
1.0680316319693128
-0.8205751970851102
-1.2314030198464274
0.0
0.0
1.0063480844315882
-0.5891211714214024
0.5202303444117042
0.6393261331718548
1.0727794407045972
-0.8687887487948467
-1.242302571623882
0.0
0.0
1.0118200872728529
-0.5600159353799669
0.5270375937739744
0.6998940511408903
1.0779841975318822
-0.9228077040592095
-1.2539242941544884
0.0
0.0
1.0173660089097767
-0.5291839458378379
0.5341742536735001
0.7649864476737614
1.0835418551492655
-0.9820814827566745
-1.2661871630873076
0.0
0.0
1.0225179294550075
-0.49854533138485196
0.5413428769231666
0.8286085200247485
1.0888047834567451
-1.040388705121831
-1.2783759920956108
0.0
0.0
1.027207667008889
-0.46815023420469476
0.5484966643298391
0.8907273032189282
1.09369693308938
-1.097753338268854
-1.2904010030879889
0.0
0.0
1.0313623453323013
-0.43801304141946873
0.5555851767802331
0.9513289792568225
1.0981420628379281
-1.1541639499599736
-1.3021527920608313
0.0
0.0
1.034905145106804
-0.4081225894119699
0.5625554382779951
1.0104090387560267
1.1020630720132005
-1.2095790275099638
-1.313505762454159
0.0
0.0
1.0377560902420966
-0.37844062110862786
0.5693520552642226
1.0679780191404762
1.1053826862996727
-1.2639373929736575
-1.3243223288649184
0.0
0.0
1.0361079548281813
-0.3510082269246469
0.5744099618925282
1.113723235066397
1.1049918350295331
-1.3070551754691533
-1.3290459020749676
0.0
0.0
1.0338969227615498
-0.3312218737113618
0.5790358056877105
1.1464471289304035
1.1042485667405202
-1.3429407194278258
-1.3327372369818908
0.0
0.0
1.031634315660197
-0.31787974595493085
0.5834487677010528
1.1690952474143455
1.103532470658287
-1.3736842148948598
-1.3361332329667115
0.0
0.0
1.0297153903019858
-0.30993016573739096
0.5878147204965024
1.1841170839108672
1.1031186921537308
-1.4010178595171356
-1.3398180237905428
0.0
0.0
1.028435083178401
-0.3064536690622333
0.592253973181223
1.1935353735665704
1.1031955454679263
-1.4263615549383035
-1.3442424798092074
0.0
0.0
1.0280029247418998
-0.3066476015022555
0.5968486103508115
1.1990065968605725
1.1038777410482752
-1.4508613254013456
-1.3497398679966914
0.0
0.0
1.0285558169175162
-0.3098137390684298
0.6016489770018532
1.201872711261319
1.1052208277981477
-1.4754249113278888
-1.3565433895803882
0.0
0.0
1.0301703054087463
-0.31534767339431197
0.606680312115798
1.2032053040084683
1.1072332205145652
-1.500751490408871
-1.3648005718074832
0.0
0.0
1.0328731185616498
-0.3227284910592154
0.6119477995596911
1.2038449774373738
1.109885691733844
-1.5273595303861889
-1.3745862896861851
0.0
0.0
1.036649934360129
-0.3315104407209317
0.6174407945141533
1.204435667565274
1.11312057352775
-1.5556118191087198
-1.385915516892674
0.0
0.0
1.0414536285472429
-0.3413143318495474
0.6231368610363398
1.2054534919752697
1.1168585931130273
-1.585736656926372
-1.3987523539656503
0.0
0.0
1.0472104736864418
-0.3518191832870175
0.6290041590941344
1.207234673584197
1.121005052156252
-1.6178492271653622
-1.413020171777075
0.0
0.0
1.0538264205119388
-0.3627567130528519
0.6350043685570012
1.209995448661009
1.1254530314735574
-1.651968537647066
-1.4286075184297657
0.0
0.0
1.0611910539932234
-0.3739022390052411
0.6410936472009514
1.213855559503075
1.1300888567135419
-1.6880345940063275
-1.4453762011022322
0.0
0.0
1.069181780277063
-0.38506926627301535
0.6472242414010554
1.2188546116906935
1.1347933394830332
-1.7259231119659315
-1.4631659525932532
0.0
0.0
1.077666681820933
-0.39610504203304636
0.6533450578196877
1.2249647836108752
1.1394448933003394
-1.76545617332116
-1.4817991659367697
0.0
0.0
1.0865074032300641
-0.4068842753262852
0.6594026793099621
1.2321061824820942
1.14392032130533
-1.8064154993265493
-1.5010846426355935
0.0
0.0
1.095561085141043
-0.4173034838354431
0.6653416033766674
1.240158491023251
1.1480958420199738
-1.848551576174651
-1.5208207031874672
0.0
0.0
1.1046813163997706
-0.4272771367707895
0.6711036783204368
1.248971750657053
1.1518490573783629
-1.8915939065183647
-1.5407989387283432
0.0
0.0
1.1137207367668964
-0.43673372626122997
0.6766297928674372
1.258373353088489
1.1550577323285187
-1.9352564749318109
-1.5608046627171712
0.0
0.0
1.1199399272853077
-0.44010787272937296
0.6808164579001525
1.2706223271025803
1.1554749853997777
-1.9745717123131477
-1.5765123413183726
0.0
0.0
1.1258904998992492
-0.4411402092545689
0.6858562705966507
1.2862894962380547
1.1566357009382795
-2.01221249291907
-1.591390762121885
0.0
0.0
1.1318754540543552
-0.4409010004257892
0.6917210761184663
1.3044186849899373
1.158627263467354
-2.04889894045624
-1.6059730228944096
0.0
0.0
1.1381106290215106
-0.44026705568084284
0.6983708807223923
1.3241629671893425
1.1614793522564217
-2.085154334241891
-1.6206586845097917
0.0
0.0
1.1447412545779703
-0.43994781656399196
0.7057578756261531
1.3447768035834895
1.1651770090277687
-2.121340751228742
-1.6357351889434004
0.0
0.0
1.1518538763923105
-0.4405127763190185
0.7138277482271049
1.3656007201577482
1.1696696694189506
-2.1576839965866936
-1.6513962140975074
0.0
0.0
1.1594869427148966
-0.44240839056242864
0.722521207325001
1.3860570419052884
1.1748799769377327
-2.1943003247059107
-1.6677561401143954
0.0
0.0
1.1676396675811334
-0.4459767032934209
0.7317753589932822
1.4056388387376502
1.180708995847685
-2.2312151317560245
-1.6848627051946046
0.0
0.0
1.1762785708520407
-0.45146822003426157
0.7415236762964247
1.4239061822490986
1.1870419169782938
-2.268382194167791
-1.702707735110545
0.0
0.0
1.1853435327945976
-0.45905681965859163
0.7516970200318257
1.4404754566749562
1.193750729499043
-2.3056962681867605
-1.7212352484492797
0.0
0.0
1.19475152106045
-0.4688493992018317
0.7622221023198386
1.4550164353864605
1.2006984656817403
-2.3430077331292134
-1.7403498895824918
0.0
0.0
1.2044020337141788
-0.48089568659892923
0.7730237468746317
1.4672460617840652
1.2077402597768485
-2.3801321739972323
-1.759922554592611
0.0
0.0
1.2141788700179785
-0.49519693963026296
0.7840230367888765
1.4769232557195247
1.2147267881050365
-2.41685978818514
-1.7797967708184386
0.0
0.0
1.2239535761556708
-0.5117121704589178
0.7951378886590175
1.4838469824647518
1.2215049002290845
-2.452964488328007
-1.7997931376050411
0.0
0.0
1.2335879799631544
-0.5303643524116036
0.8062834406500405
1.4878520146096013
1.2279192664159515
-2.4882094089376445
-1.8197136258263633
0.0
0.0
1.2429348615914813
-0.5510456877341687
0.817371130905296
1.488806972631867
1.2338147983624095
-2.522354979759263
-1.8393457311066497
0.0
0.0
1.2518408003581278
-0.5736221817338167
0.8283093977750894
1.4866110304525173
1.2390362726646722
-2.55516159374718
-1.858464629706152
0.0
0.0
1.2601470473822165
-0.597938691817053
0.839003351739142
1.4811897330279575
1.2434297285311502
-2.5863926879826447
-1.8768373002375185
0.0
0.0
1.2676905982016837
-0.6238196843176548
0.849354761912375
1.4724965602089337
1.2468446860520392
-2.615820086768898
-1.8942249007153067
0.0
0.0
1.274305540204644
-0.6510737409829533
0.8592625606503385
1.4605096905352393
1.2491332405313251
-2.6432261267697186
-1.9103844915015722
0.0
0.0
1.2835541142583258
-0.6701855398607902
0.8660785453920309
1.453897728747697
1.248279038465426
-2.6662857099783883
-1.9280455906799157
0.0
0.0
1.299086054183413
-0.6851996164851504
0.8720669741579823
1.452622384564781
1.2477383905372932
-2.68576058208002
-1.9515678286540632
0.0
0.0
1.3193576789069654
-0.698111216266729
0.8776601068746971
1.4541739480020786
1.2475486261060647
-2.701928258354815
-1.979459193391452
0.0
0.0
1.34306431723015
-0.710502043064937
0.8831804991017359
1.4565243214550736
1.247703818903492
-2.7150112392505514
-2.010434554602711
0.0
0.0
1.3691050852528421
-0.7236001271412402
0.8888605832130083
1.4580595677840806
1.2481660011002218
-2.725186015525207
-2.0433896006985455
0.0
0.0
1.396552691400068
-0.7383333021686278
0.8948590989797816
1.4575180291225796
1.2488712442064374
-2.732590292133337
-2.077376432478562
0.0
0.0
1.4246265418830402
-0.755375865898158
0.9012734433468073
1.4539354756722085
1.2497350307494441
-2.737330032571032
-2.1115823605488533
0.0
0.0
1.452670147539565
-0.7751882745891612
0.9081506898042049
1.4465983801134703
1.2506569581729894
-2.739486029587325
-2.145311243979821
0.0
0.0
1.4801309280068407
-0.7980512315736755
0.9154955334354566
1.435003810839529
1.2515242382213365
-2.739119472412988
-2.177966873696911
0.0
0.0
1.506544225885256
-0.824095910074281
0.9232789382464273
1.4188243504205642
1.2522149567297536
-2.7362774022948337
-2.209039231299541
0.0
0.0
1.5315188201799605
-0.8533293011278051
0.9314435041827647
1.3978779566276949
1.2526005342591575
-2.7309971016630357
-2.2380919566554747
0.0
0.0
1.5547246650930537
-0.8856552790525476
0.9399089868062855
1.3721054735701732
1.2525494827108952
-2.7233113778886096
-2.2647526920825367
0.0
0.0
1.575883207642179
-0.9208952085084774
0.948577726586544
1.3415449443311744
1.251929794543057
-2.713250201227292
-2.2887039739667943
0.0
0.0
1.5947589880130382
-0.9588018887003619
0.9573383387293153
1.306318713294439
1.2506110324345578
-2.7008463329525076
-2.309676313180137
0.0
0.0
1.6111520150950678
-0.9990743368104955
0.9660687859515984
1.2666153524714223
1.2484670489565193
-2.686136035727766
-2.3274416865704834
0.0
0.0
1.624893021147056
-1.041369379862554
0.9746409845189785
1.2226780158051902
1.245377144435499
-2.669162122799696
-2.341808185789357
0.0
0.0
1.635837371930315
-1.0853122287714705
0.9829218821054891
1.174793155758784
1.2412288316618445
-2.649975339758271
-2.352615808596615
0.0
0.0
1.64386243736927
-1.1305028311515193
0.9907772302871558
1.123284074433582
1.235918853101173
-2.6286365398838956
-2.3597331354488906
0.0
0.0
1.648863688985509
-1.1765254096091677
0.9980732039733325
1.0685007914801243
1.2293540774834681
-2.6052168978079213
-2.363053546732794
0.0
0.0
1.6507518928173524
-1.222953366533782
1.0046777914000584
1.010815652423402
1.2214536371943685
-2.5797988091758004
-2.3624932417451205
0.0
0.0
1.6375977878727228
-1.2716614278590193
1.0075733355201812
0.9362943751811024
1.207226931372186
-2.5422338576336836
-2.344092312121461
0.0
0.0
1.6147821796766024
-1.325559900945274
1.0095380391571829
0.8479716609663441
1.1905867544726125
-2.496026230323265
-2.314272520338203
0.0
0.0
1.5848312880720332
-1.3831177946130933
1.0107518143442822
0.7501344951350093
1.1723450738854253
-2.443899995224549
-2.2760764374363385
0.0
0.0
1.5498526957659489
-1.443062845300779
1.0113860951826865
0.6462609219880349
1.153155221245908
-2.3880688757737323
-2.2320485803024925
0.0
0.0
1.5115899942836923
-1.504323101891347
1.0116027269244157
0.5391802200471899
1.133539375597186
-2.3303329544377647
-2.1842984133300334
0.0
0.0
1.471470639610412
-1.56598697571095
1.0115515233179766
0.4311922632825818
1.1139085164479203
-2.27214989799228
-2.1345552185568524
0.0
0.0
1.4306496963175626
-1.6272743158971497
1.0113685252057998
0.32416272008801766
1.0945784954937487
-2.214692619848752
-2.0842173877448897
0.0
0.0
1.3900474680032784
-1.687514461470717
1.0111742690042282
0.219597771336365
1.0757862878771438
-2.158892774013915
-2.0343979247795825
0.0
0.0
1.3503828317280817
-1.7461310961319474
1.011071837729532
0.11870501906933117
1.0577013560863402
-2.1054790804530303
-1.985962890749732
0.0
0.0
1.3122018235730755
-1.8026300169404412
1.0111459814076382
0.022441271935730533
1.040436631729211
-2.055006490014991
-1.939565915882834
0.0
0.0
1.2759044234722445
-1.856590981260425
1.0114614848653112
-0.0684513524375577
1.024056781871204
-2.0078742568891053
-1.8956795636095523
0.0
0.0
1.2417670494184176
-1.9076588648040598
1.0120630569876057
-0.15341337429320637
1.0085853414573136
-1.9643467659657161
-1.854622228643119
0.0
0.0
1.2099620574204581
-1.9555373115891295
1.0129752358834379
-0.23203878087869897
0.9940124221195134
-1.924572798228346
-1.8165816257243943
0.0
0.0
1.180574577631518
-1.9999818535319351
1.0142022642911974
-0.30405226582272726
0.9802999534180837
-1.8886010626829828
-1.7816357699832512
0.0
0.0
1.15361627165486
-2.0407951056872617
1.0157282424803795
-0.36928989644904475
0.9673873947192886
-1.8563941738622476
-1.7497695131072475
0.0
0.0
1.1290392525538255
-2.0778196119176404
1.0175187984452956
-0.42767878664791004
0.9551961260179358
-1.827843121249066
-1.7208914343710353
0.0
0.0
1.1067457263289588
-2.110933510131975
1.0195213758901192
-0.47922355210610484
0.9436330694846431
-1.802777416385083
-1.6948463089278625
0.0
0.0
1.0865971479226746
-2.1400449286464176
1.0216661563960212
-0.5239924258151941
0.9325952040768717
-1.7809766623051644
-1.671426748721398
0.0
0.0
1.0684230867858064
-2.1650875139620473
1.0238687171809973
-0.5621053324467771
0.9219719086862515
-1.762179969078426
-1.6503839516009566
0.0
0.0
1.0520271936275196
-2.1860147584767824
1.0260307068132173
-0.5937225225769629
0.9116479453193496
-1.7460951675793819
-1.6314357470430285
0.0
0.0
1.0365874398054378
-2.200416094843507
1.02407910736865
-0.6252398526975665
0.8978819952354148
-1.7255622593494007
-1.612611948673732
0.0
0.0
1.0258365576531423
-2.2148741574649886
1.0212383388337734
-0.660321520460753
0.8835370993505329
-1.7028501871131168
-1.5986402054177076
0.0
0.0
1.0191758322341562
-2.229373697399539
1.0181211261421141
-0.697137816004928
0.8690868609052813
-1.6792254543707799
-1.5890885861716524
0.0
0.0
1.0160678614776355
-2.2438820241383386
1.015195890997084
-0.7342324419220859
0.854890567735095
-1.6556501392885759
-1.5835199413292846
0.0
0.0
1.0160239697205071
-2.258348325224428
1.0128054720480584
-0.7704632318857081
0.8412087222037773
-1.6328265578490209
-1.5814909668007926
0.0
0.0
1.0179487168499768
-2.2778266531833737
1.0112202144170508
-0.8051691819691489
0.8284185852208031
-1.6158943545926754
-1.5836513399917576
0.0
0.0
1.0216136525688646
-2.3005917429230895
1.0105082041862188
-0.8381206073155255
0.8164620353635629
-1.6032531610066152
-1.5891179289980717
0.0
0.0
1.0268042696254644
-2.325454463998597
1.01066905577362
-0.869094417208813
0.8052675864906043
-1.593810213961766
-1.5972165465953125
0.0
0.0
1.0333074631881
-2.351181116968854
1.0116896503648416
-0.8978321147837718
0.7947680916579272
-1.58646356630147
-1.6072595601063537
0.0
0.0
1.0409039706541028
-2.37676404153764
1.013524476643813
-0.9240805847007164
0.784894503917569
-1.5803339228470001
-1.6186379519847196
0.0
0.0
1.0493704776244006
-2.4013768279990373
1.0161002434474777
-0.9476049323268978
0.7755736396653592
-1.5747167023186355
-1.63080643128894
0.0
0.0
1.0584789911470796
-2.424340915306717
1.0193182219388515
-0.9681995875405885
0.7667286807998515
-1.569044890723613
-1.6432727549546273
0.0
0.0
1.0679997944841477
-2.4450970205174265
1.0230602056639846
-0.9856917631843011
0.7582792175282183
-1.5628598041761772
-1.6555892954505926
0.0
0.0
1.077690947216104
-2.4626523032798877
1.0272656655277213
-0.9997237369831231
0.7501873245807527
-1.5555261880489235
-1.6671829593992884
0.0
0.0
1.087316955153546
-2.4768165993141866
1.0317642123780773
-1.0102378315572447
0.7423605248836888
-1.5468697101171647
-1.6777340304605382
0.0
0.0
1.096643952261029
-2.4874208701419267
1.0363782517793103
-1.017208377877269
0.7347066607736923
-1.5367347463366445
-1.6869387379810747
0.0
0.0
1.1055945377613663
-2.4935522389750715
1.0417115197343012
-1.0169233463726874
0.7278752820126331
-1.527677170818565
-1.694956347882982
0.0
0.0
1.113907590666536
-2.4952485332517083
1.0473112848713964
-1.0107276831714938
0.7215016784577952
-1.5185518273815286
-1.7013357334365649
0.0
0.0
1.1213150530267568
-2.4925761528277066
1.0527886681880074
-0.9997067366556025
0.7152927642915106
-1.508494770523394
-1.705679525110228
0.0
0.0
1.1419296439360465
-2.4831640071380328
1.0728256459646202
-0.9624939538831802
0.7201682398285546
-1.5111458135508729
-1.7218367371539616
0.0
0.0
1.158784210630727
-2.4707711450101177
1.0895550244519683
-0.9268831572524971
0.7226128458635016
-1.5088311519790216
-1.7329606391597914
0.0
0.0
1.1791821509045413
-2.457741579589596
1.1073822541573164
-0.887010000804787
0.725817513511032
-1.509339826666726
-1.7477169933225811
0.0
0.0
1.2024202849962937
-2.4436591094404805
1.12591121875149
-0.843267556525789
0.7294526590874942
-1.5121958590022966
-1.7652735383406029
0.0
0.0
1.2278770369926113
-2.4281651121708645
1.144787021202848
-0.7959919417743331
0.7332387036739598
-1.516969356754878
-1.7848929913318772
0.0
0.0
1.2550036987447304
-2.410955670714053
1.163692657941187
-0.7454796352398705
0.73694003199431
-1.52326282050951
-1.8059226618506337
0.0
0.0
1.2833164485841415
-2.3917755577056092
1.182346787682809
-0.6919948581859457
0.7403591025935172
-1.5307061081176343
-1.8277852209822099
0.0
0.0
1.3123886960346476
-2.3704122470722986
1.2005001359548362
-0.6357772323238057
0.743332340687666
-1.5389517072457135
-1.8499697165022897
0.0
0.0
1.341843985780475
-2.346687802061797
1.217931501040767
-0.5770420507205501
0.7457256845629489
-1.547676557449877
-1.872023703294249
0.0
0.0
1.3713497976552516
-2.3204537681300716
1.234445469919713
-0.5159858568652481
0.7474309020574151
-1.5565797491019513
-1.8935458284570037
0.0
0.0
1.400612691510533
-2.2915826828931465
1.2498691627986684
-0.452782482107007
0.7483631602084715
-1.5653857253722687
-1.9141803744833532
0.0
0.0
1.429372312244787
-2.259964972859301
1.2640493707025098
-0.38758810702700475
0.7484570071605356
-1.5738429345675211
-1.93361064208743
0.0
0.0
1.4573972981982726
-2.225503182733087
1.2768503355080276
-0.3205394377031222
0.7476655766084597
-1.5817254187853407
-1.9515556272701229
0.0
0.0
1.4844825168792708
-2.1881085283240207
1.288152749360268
-0.251754582260113
0.7459572399902633
-1.588832613339647
-1.9677647152792495
0.0
0.0
1.5104441421689696
-2.1476978501126034
1.2978503513101378
-0.18133461279895005
0.7433135627041245
-1.5949884539476862
-1.9820150469039626
0.0
0.0
1.5351177453667368
-2.1041915703156793
1.3058499160540045
-0.1093636461323203
0.7397288570972971
-1.60004137008689
-1.994107626200041
0.0
0.0
1.5583549510129968
-2.0575128579989035
1.3120689561113144
-0.035912408359760534
0.7352070688542731
-1.6038612054661496
-2.0038648410399182
0.0
0.0
1.5800224007557584
-2.0075837296889913
1.3164358297294088
0.03896556819528227
0.7297617962503569
-1.6063412262754282
-2.011128691604125
0.0
0.0
1.5999990508110409
-1.954327278482135
1.318888201577867
0.11522819084292532
0.7234143742495379
-1.6073941218410952
-2.0157583303796076
0.0
0.0
1.6181747365898838
-1.89766508641567
1.3193723619609439
0.19284561586701982
0.7161928674183486
-1.6069505006558709
-2.017628074040167
0.0
0.0
1.634448288820427
-1.837518987829815
1.3178425771232753
0.27179641950729133
0.7081311133679173
-1.6049563339373059
-2.0166258043962784
0.0
0.0
1.648726822260332
-1.773809425397208
1.3142603416272143
0.352068692602847
0.6992677411365824
-1.6013722829526382
-2.0126516782025132
0.0
0.0
1.6645096574701495
-1.7147490660607745
1.3106242027841235
0.4268009877408135
0.6903009623486068
-1.597401508514552
-2.0105320641321422
0.0
0.0
1.6813316545336705
-1.6594593655930197
1.3066767034993887
0.4965974262133439
0.6810865687879248
-1.592801019613723
-2.0096962551222513
0.0
0.0
1.6987927046505236
-1.6071654594975784
1.3021991380955722
0.5619990573514323
0.6715147608889129
-1.5873629694677527
-2.00964704298585
0.0
0.0
1.7165442062932987
-1.5571806775216732
1.2970031064528573
0.6234890552997514
0.6615027771749089
-1.5809083353436224
-2.0099481322311274
0.0
0.0
1.7342805617532333
-1.5088950029773838
1.2909259930734251
0.6814974952905324
0.6509898948151149
-1.5732828559859828
-2.0102159769644428
0.0
0.0
1.7517305458744772
-1.4617648301217603
1.2838255693130334
0.7364061890372566
0.6399324725496465
-1.564353213204473
-2.010110541552352
0.0
0.0
1.768653223790146
-1.4153044250133109
1.2755785015768084
0.7885548756981404
0.6283018594409978
-1.5540053001653116
-2.00933147835187
0.0
0.0
1.7848330831799033
-1.3690778725051165
1.2660769665885179
0.8382465256842973
0.6160812404825401
-1.5421426917310002
-2.007612140451555
0.0
0.0
1.8000762705919418
-1.3226940824135973
1.2552271080663475
0.8857506272983481
0.6032642924135586
-1.5286843711821092
-2.0047166862114514
0.0
0.0
1.8142085476461236
-1.275800340469124
1.2429475839049993
0.931308795876382
0.589853283904112
-1.513563646834828
-2.0004362674915495
0.0
0.0
1.8270725592566313
-1.22807886161157
1.2291688161284915
0.9751368967301411
0.5758575961448402
-1.4967270844612819
-1.9945863778549444
0.0
0.0
1.8385263235972114
-1.1792420291226615
1.2138314504105236
1.0174293201364695
0.5612927014302963
-1.4781331898246508
-1.9870042331097197
0.0
0.0
1.848441267437265
-1.1290298495646578
1.1968858066193442
1.0583604438220728
0.5461797059190029
-1.4577505519038043
-1.9775477048707562
0.0
0.0
1.856701622390682
-1.0772065344843749
1.1782914298392195
1.0980878301903005
0.5305435289123976
-1.4355570859072744
-1.9660919208694727
0.0
0.0
1.863202186118986
-1.0235586005018966
1.1580159688573481
1.1367529269064185
0.5144126049480608
-1.4115386095766258
-1.9525286087681843
0.0
0.0
1.8678478458335595
-0.967892098804604
1.1360340918784853
1.1744826365565924
0.4978171998552867
-1.385685912593911
-1.936763228674263
0.0
0.0
1.8705522991283785
-0.9100313845381358
1.1123275485966113
1.2113905787154828
0.4807900563323565
-1.357995234610089
-1.9187151131301328
0.0
0.0
1.871238769953251
-0.84981656401754
1.086885395948447
1.2475813071349713
0.46336485009397793
-1.328469279267162
-1.8983161259839192
0.0
0.0
1.8698367005860599
-0.7871041131443599
1.0597016607174758
1.2831455024273715
0.44557560881606595
-1.2971124600865782
-1.8755077831437588
0.0
0.0
1.8662819160352369
-0.7217637400671841
1.0307752453720533
1.3181649857401647
0.42745596198925956
-1.263932135074503
-1.8502413102387227
0.0
0.0
1.8546214993194474
-0.6644219625430834
1.0024835250394875
1.3416326141156096
0.41010266999224354
-1.2302516523139986
-1.8198908095935797
0.0
0.0
1.8354552809878977
-0.6138537689115048
0.9745811939632747
1.354862421157249
0.3934453984790061
-1.1959876640585911
-1.7847286206386936
0.0
0.0
1.8093105657088342
-0.5689832549669689
0.9468723032964812
1.3590259928818118
0.3774311288304624
-1.1610840463170087
-1.7449991143140469
0.0
0.0
1.7766439238457863
-0.5288670627312282
0.9191949068963914
1.3551555149434167
0.3620168864058285
-1.1255014783733497
-1.7009171104800147
0.0
0.0
1.737848574942846
-0.4926800780969526
0.8914132703834693
1.344151397719614
0.3471653827132324
-1.08921041141849
-1.6526703052088372
0.0
0.0
1.6932597824660636
-0.4597013786630341
0.8634100445684428
1.3267937600329058
0.3328423840270557
-1.0521876150268183
-1.6004206758708657
0.0
0.0
1.6431626377872492
-0.42930283832198646
0.8350833485833526
1.3037531688446655
0.3190157851556279
-1.014411784164619
-1.5443072849388249
0.0
0.0
1.5877993873732674
-0.4009379000389869
0.806343742032648
1.2756046531707348
0.3056543399901828
-0.9758631710604796
-1.4844490242935984
0.0
0.0
1.5273753738321554
-0.37413218356181843
0.7771122361547222
1.242838354677999
0.2927284103201227
-0.9365214494227759
-1.4209475465248593
0.0
0.0
1.4620648204463709
-0.3484751635300152
0.7473183322873098
1.2058695820556113
0.28020833695147307
-0.8963649826893361
-1.3538890690270964
0.0
0.0
1.3920165098676462
-0.3236126673456007
0.7168997162093582
1.1650495651163093
0.2680652351302889
-0.855370410396992
-1.283346734324263
0.0
0.0
1.317357330516052
-0.29924032416770896
0.6857995484832081
1.1206727414594813
0.25627027143395287
-0.8135118184574457
-1.20938224425789
0.0
0.0
1.2381962893031837
-0.275097813705473
0.6539664026721356
1.0729840547025917
0.24479410552932387
-0.7707601260406944
-1.132047123672574
0.0
0.0
1.1546277665785227
-0.25096397630647044
0.6213524608233829
1.0221854696854271
0.2336067948573187
-0.7270829112458892
-1.0513844033262991
0.0
0.0
1.0667341682910054
-0.22665220298608874
0.5879130445138012
0.9684411981260896
0.22267726818521788
-0.6824436303183006
-0.9674296818584986
0.0
0.0
0.9745875738889535
-0.2020068700715642
0.553604671414009
0.9118815384211362
0.21197252297631225
-0.6368012914346943
-0.8802111514383816
0.0
0.0
0.87825203363019
-0.17689994332692255
0.5183846776287646
0.8526070964549333
0.20145747767479333
-0.590109972941303
-0.789751365941985
0.0
0.0
0.7777848201550335
-0.15122792590913917
0.48220995421497853
0.790691665315096
0.1910940696744043
-0.5423181798304457
-0.6960668810464039
0.0
0.0
0.6732377045402462
-0.12490984865088905
0.44503603220294213
0.7261845242070356
0.18084101481417025
-0.49336850313754754
-0.5991693816561039
0.0
0.0
0.5646578058262698
-0.09788468115714152
0.40681614429158297
0.6591128332439609
0.17065266936729925
-0.44319702615815976
-0.499065262045092
0.0
0.0
0.4695479335202304
-0.07397025954603924
0.3712527456401516
0.5980229235930486
0.16095818189385963
-0.39689900399336986
-0.41109036068208765
0.0
0.0
0.3861913623389256
-0.052762746178822206
0.33799702714323854
0.5420249543749989
0.15160120877477956
-0.3539979466314123
-0.333749471435282
0.0
0.0
0.31309700479557856
-0.03387912563502488
0.3067637407099673
0.49043298769278154
0.14247313274031906
-0.31413818148913863
-0.2657389079933216
0.0
0.0
0.24896520895781904
-0.016972175024673058
0.2773095961062283
0.4426924516532419
0.1334953486742852
-0.2770305641209621
-0.20591814505681946
0.0
0.0
0.19266099389239338
-0.001736701989433956
0.24942058126736955
0.3983344358879718
0.12460766899792033
-0.24241992072457857
-0.1532869773579976
0.0
0.0
0.14319133424155983
0.012089677518645928
0.22290368415509798
0.35694719402023933
0.11576128051877553
-0.2100673166940119
-0.10696658860327934
0.0
0.0
0.09968687715842262
0.024728721513224937
0.19758237311103913
0.3181593836188023
0.1069144680835952
-0.17974138655106903
-0.06618412319362382
0.0
0.0
0.06138614844332665
0.036365551648088086
0.17329375449923437
0.28163051309428827
0.09803026625412022
-0.1512153668604584
-0.03025943612494724
0.0
0.0
0.027622588145723163
0.04715338684250212
0.14988672464171704
0.24704431466674892
0.08907437070288417
-0.12426407211968431
0.0014061050316110102
0.0
0.0
-0.002186832011878498
0.05721839561940989
0.1272206730448896
0.2141052783291384
0.08001425157860606
-0.09866416090040078
0.02933921930439721
0.0
0.0
-0.02855098603881021
0.06666340675217798
0.10516671731990396
0.18254054500164316
0.07082007054832988
-0.07420295927300066
0.05400204918930482
0.0
0.0
-0.051913893993652545
0.07557183892464596
0.08360692978065849
0.15209911240172155
0.06146451241736545
-0.05068025750111626
0.07579993868034345
0.0
0.0
-0.07266263546423174
0.0840112530848642
0.062433813088155335
0.12255149223406592
0.05192268702699431
-0.027909724413916176
0.09508819725963288
0.0
0.0
-0.09113453948721889
0.09203620795098644
0.04154972604361938
0.09368893720209716
0.04217201017534763
-0.005719846569534802
0.11217818679004993
0.0
0.0
-0.10762338771220697
0.09969072164858338
0.020866295690635358
0.06532281704118384
0.03219210177188403
0.016045617316067594
0.12734254941780884
0.0
0.0
-0.12238504962414942
0.10701025544397692
0.00030376971433826797
0.037283545206813526
0.02196470439356509
0.03752757606562118
0.14082002925004505
0.0
0.0
-0.13564219496855
0.1140233045122773
-0.020209449633636068
0.00941955762898708
0.011473556170908433
0.05885189364987562
0.15281951539685534
0.0
0.0
-0.1475886281579426
0.12075262470407386
-0.040737499599347644
-0.018404063857801495
0.0007042446862232411
0.08013004631013099
0.16352371863043702
0.0
0.0
-0.15839293182855277
0.1272162473169126
-0.06133751011406005
-0.04630685827566529
-0.01035594256014864
0.10145983595148411
0.1730923461776644
0.0
0.0
-0.16820174436043145
0.13342820538319256
-0.08206021943070292
-0.07439445274525908
-0.02171814538170377
0.12292639200087777
0.18166494199727026
0.0
0.0
-0.17548558973084366
0.13318744202198615
-0.09875276674351408
-0.0990361490056507
-0.031175527409035633
0.13810568323833405
0.18626229717046558
0.0
0.0
-0.18050797140628735
0.12728592017238669
-0.11187895722938708
-0.12058459907377787
-0.038934366818289864
0.147588663961206
0.1873152954377409
0.0
0.0
-0.18349985301024846
0.11641021459835733
-0.12184628723318464
-0.13934544655307343
-0.0451757348816319
0.15190903390907626
0.18520027307174267
0.0
0.0
-0.18466329895251202
0.101149032532888
-0.1290114793973432
-0.15559208961776577
-0.05005948444442549
0.1515499369055309
0.18024396598968534
0.0
0.0
-0.18417480082464247
0.08200306040239641
-0.13368605219770044
-0.16957405529617223
-0.05372749606244215
0.14694890073553912
0.17272890710026975
0.0
0.0
-0.18131832791445732
0.06656620452042541
-0.135688775171181
-0.17873880071075854
-0.05597698296259815
0.14233916773877858
0.1648916523366757
0.0
0.0
-0.17626086388899687
0.054078466474430716
-0.13525795817127206
-0.18340901865269726
-0.05693888247091633
0.13728958746505215
0.1565113915789678
0.0
0.0
-0.16916611996214784
0.04423428233091117
-0.13255101082656662
-0.1837381972975912
-0.05668721709640699
0.1316125904940708
0.1475562052748398
0.0
0.0
-0.16019920575807145
0.03649842101610575
-0.1277492138761617
-0.1800198354245854
-0.05531780983971014
0.12503307940155356
0.1379148774633107
0.0
0.0
-0.1495132261633262
0.030444140172990547
-0.12101205206877746
-0.17253063743091182
-0.05291440196881857
0.1173513455488273
0.1275172774368363
0.0
0.0
-0.1372502651901426
0.025727635211900444
-0.11248035207172713
-0.16153179821196958
-0.04955083216022128
0.10842570640954255
0.11632363683311854
0.0
0.0
-0.12354220816964481
0.022068367566238502
-0.10227883723359173
-0.14727023632315753
-0.04529265419891227
0.09815874166606153
0.10431642235638405
0.0
0.0
-0.10851123588217118
0.01923432064212615
-0.09051819680760513
-0.1299790399834489
-0.04019848152525553
0.08648647022364181
0.09149404386377227
0.0
0.0
-0.09229976728876188
0.016373169574661138
-0.07744473044917603
-0.11030681345141048
-0.034419205190247874
0.07321123205655307
0.0776613712355424
0.0
0.0
-0.07500141894490708
0.01344019148662271
-0.06312738208768053
-0.08840504887839026
-0.02799056569188032
0.058363879714777994
0.06287174465971891
0.0
0.0
-0.05670284793138533
0.010387741412390095
-0.04762849927895321
-0.06442124514903601
-0.0209459217989983
0.04197689549250219
0.047174907101095946
0.0
0.0
-0.03812278682876849
0.007285566141975641
-0.031994783213456605
-0.041898077546280325
-0.013969881856657838
0.02709558250627593
0.031569206769978146
0.0
0.0
-0.019232598725228905
0.003878540062816507
-0.016138967756594215
-0.02051547049603612
-0.007002671697356759
0.013227341313213127
0.015887055345948232
0.0
0.0
0.0
0.0
0.0
0.0
0.0
0.0
0.0
0.0
0.0
0.0
0.0
0.0
0.0
0.0
0.0
0.0
0.0
0.0
0.0
0.0
0.0
0.0
0.0
0.0
0.0
0.0
0.0
0.0
0.0
0.0
0.0
0.0
0.0
0.0
0.0
0.0
0.0
0.0
0.0
0.0
0.0
0.0
0.0
0.0
0.0
0.0
0.0
0.0
0.0
0.0
0.0
0.0
0.0
0.0
0.0
0.0
0.0
0.0
0.0
0.0
0.0
0.0
0.0
0.0
0.0
0.0
0.0
0.0
0.0
0.0
0.0
0.0
0.0
0.0
0.0
0.0
0.0
0.0
0.0
0.0
0.0
0.0
0.0
0.0
0.0
0.0
0.0
0.0
0.0
0.0
0.0
0.0
0.0
0.0
0.0
0.0
0.0
0.0
0.0
0.0
0.0
0.0
0.0
0.0
0.0
0.0
0.0
0.0
0.0
0.0
0.0
0.0
0.0
0.0
0.0
0.0
0.0
0.0
0.0
0.0
0.0
0.0
0.0
0.0
0.0
0.0
0.0
0.0
0.0
0.0
0.0
0.0
0.0
0.0
0.0
0.0
0.0
0.0
0.0
0.0
0.0
0.0
0.0
0.0
0.0
0.0
0.0
0.0
0.0
0.0
0.0
0.0
0.0
0.0
0.0
0.0
0.0
0.0
0.0
0.0
0.0
0.0
0.0
0.0
0.0
0.0
0.0
0.0
0.0
0.0
0.0
0.0
0.0
0.0
0.0
0.0
0.0
0.0
0.0
0.0
0.0
0.0
0.0
0.0
0.0
0.0
0.0
0.0
0.0
0.0
0.0
0.0
0.0
0.0
0.0
0.0
0.0
0.0
0.0
0.0
0.0
0.0
0.0
0.0
0.0
0.0
0.0
0.0
0.0
0.0
0.0
0.0
0.0
0.0
0.0
0.0
0.0
0.0
0.0
0.0
0.0
0.0
0.0
0.0
0.0
0.0
0.0
0.0
0.0
0.0
0.0
0.0
0.0
0.0
0.0
0.0
0.0
0.0
0.0
0.0
0.0
0.0
0.0
0.0
0.0
0.0
0.0
0.0
0.0
0.0
0.0
0.0
0.0
0.0
0.0
0.0
0.0
0.0
0.0
0.0
0.0
0.0
0.0
0.0
0.0
0.0
0.0
0.0
0.0
0.0
0.0
0.0
0.0
0.0
0.0
0.0
0.0
0.0
0.0
0.0
0.0
0.0
0.0
0.0
0.0
0.0
0.0
0.0
0.0
0.0
0.0
0.0
0.0
0.0
0.0
0.0
0.0
0.0
0.0
0.0
0.0
0.0
0.0
0.0
0.0
0.0
0.0
0.0
0.0
0.0
0.0
0.0
0.0
0.0
0.0
0.0
0.0
0.0
0.0
0.0
0.0
0.0
0.0
0.0
0.0
0.0
0.0
0.0
0.0
0.0
0.0
0.0
0.0
0.0
0.0
0.0
0.0
0.0
0.0
0.0
0.0
0.0
0.0
0.0
0.0
0.0
0.0
0.0
0.0
0.0
0.0
0.0
0.0
0.0
0.0
0.0
0.0
0.0
0.0
0.0
0.0
0.0
0.0
0.0
0.0
0.0
0.0
0.0
0.0
0.0
0.0
0.0
0.0
0.0
0.0
0.0
0.0
0.0
0.0
0.0
0.0
0.0
0.0
0.0
0.0
0.0
0.0
0.0
0.0
0.0
0.0
0.0
0.0
0.0
0.0
0.0
0.0
0.0
0.0
0.0
0.0
0.0
0.0
0.0
0.0
0.0
0.0
0.0
0.0
0.0
0.0
0.0
0.0
0.0
0.0
0.0
0.0
0.0
0.0
0.0
0.0
0.0
0.0
0.0
0.0
0.0
0.0
0.0
0.0
0.0
0.0
0.0
0.0
0.0
0.0
0.0
0.0
0.0
0.0
0.0
0.0
0.0
0.0
0.0
0.0
0.0
0.0
0.0
0.0
0.0
0.0
0.0
0.0
0.0
0.0
0.0
0.0
0.0
0.0
