-0.005566898896364491
-0.0002970901059652393
0.004148362462651337
4.606340736403546e-05
0.0017292086776705031
-8.3458417160285e-05
-0.0017098026758072132
0.0005132824474232032
-0.0019121179787979228
-0.18707289915855044
0.4029408347548319
-0.43190586351724475
-0.3341511933360523
0.06234497908684898
0.6625416910719836
-0.6836717063633388
0.019621899751335322
0.03552251886694561
-0.32725155730865807
0.723024000824156
-0.7790096891341265
-0.5979206151636488
0.11071628808882857
1.1929096626871485
-1.2299617476986922
0.04025370376455688
0.07030472684389194
-0.43347593338724233
0.9754826944560369
-1.0508231717744871
-0.8000268745368991
0.14908387723818356
1.6103197444996866
-1.661140796465373
0.06207832537867235
0.10272349618078072
-0.5118637048066632
1.172862794738615
-1.2591932846993368
-0.9487679484154687
0.17927912702296273
1.9316666494743475
-1.9949688765018494
0.08479272178778624
0.13304256483237042
-0.5674975645898762
1.3252779990624592
-1.4143609423200694
-1.0518870509805156
0.20279570969661084
2.1717082826392735
-2.246765549173581
0.10812574009409918
0.1614958744973371
-0.6046052088386737
1.4408759362813601
-1.525149294124669
-1.1165099017768445
0.22084949262091724
2.3433047296834584
-2.4297252015162516
0.1318391014605561
0.18828659802704734
-0.6267062634345759
1.526225595103886
-1.5991345095628235
-1.1491079221383846
0.23442846341342144
2.4576324919839023
-2.555192908229544
0.15572625320621103
0.2135882926259126
-0.6367323047636604
1.5866352017624483
-1.6428000861176066
-1.1554850712975722
0.24433426828592744
2.5243769553375053
-2.6329058401476444
0.17961003691480104
0.23754723217417817
-0.6371250811212696
1.626410139251716
-1.6616756267895751
-1.140784637848804
0.2512167237847688
2.551905409878747
-2.671204533465318
0.20333978649697665
0.26028530574268166
-0.6299171265834453
1.6490601923343728
-1.6604610198005851
-1.1095118354178495
0.25560243822028883
2.5474225062386977
-2.6772177507598056
0.22678824576322543
0.2819030934330811
-0.6167981728423441
1.6574646596390512
-1.6431369780937466
-1.0655681374292434
0.25791848504587744
2.51710975090217
-2.6570241653470137
0.24984854435927345
0.30248288114754884
-0.5991701012577076
1.6540029190005214
-1.6130629314702658
-1.0122936751075506
0.25851191118774075
2.466250454538331
-2.615793679252023
0.2724313701463721
0.3220914765006126
-0.5781926280880729
1.6406570091482005
-1.5730632916249905
-0.952514553481398
0.2576657357801093
2.3993414135841324
-2.55791083088771
0.29446240943346763
0.34078275465726793
-0.5548214683584272
1.619091789434987
-1.525503120155225
-0.8885925108531522
0.25561199312211863
2.3201925039835376
-2.4870824492096952
0.31588008316771615
0.35859990611813714
-0.52984036427742
1.5907173111013182
-1.472354218547532
-0.8224748977243123
0.2525422919289713
2.2320152823062105
-2.4064314556291757
0.33663357991662657
0.37557738570849497
-0.5038880784962885
1.5567372046439691
-1.4152526281678648
-0.7557434487196184
0.24861629596128412
2.1375016150723827
-2.3185784943018652
0.3566811701388049
0.39174257834417126
-0.47748122757600486
1.5181861676041852
-1.3555484807199576
-0.6896607506599509
0.24396847493024434
2.0388932874267782
-2.2257128786257314
0.3759887772881291
0.40711720608971425
-0.45103365499522197
1.4759590245071244
-1.2943490797934307
-0.6252136678142931
0.23871342636752213
1.9380434751379396
-2.1296541717163997
0.394528777240616
0.42171850507598324
-0.42487290577099823
1.4308333187051494
-1.2325560263596633
-0.563153274389675
0.2329500270145803
1.8364708984470202
-2.0319055675324202
0.41227899663464485
0.43556020174240584
-0.3992542578663877
1.3834869742790927
-1.170897129300303
-0.5040310709898244
0.22676463500356944
1.7354074125046721
-1.9337001044638664
0.4292218817644897
0.44865331682090553
-0.4929921317881713
1.7082870926106675
-1.3433658920189067
-0.49666899293945355
0.23151139548336333
1.9210167085467498
-2.2250436283387813
0.43966900485288035
0.46598835686258994
-0.5611789242289984
1.959603272320236
-1.468577849642142
-0.4750254362350882
0.2348658935320484
2.049566605695855
-2.440479215807534
0.4505459812031084
0.4813443340912746
-0.6084455409752905
2.149912055587577
-1.554470872463034
-0.4416250400780893
0.23718136061506123
2.13040128912693
-2.5923168430716528
0.4616348930635073
0.4949387370227208
-0.638670913544117
2.289539452713116
-1.6078626451995526
-0.3989631917566525
0.23870042804954061
2.171668008229471
-2.691145703574831
0.472749517849493
0.5069590736503684
-0.6551040891938757
2.387050950251624
-1.6345876443893999
-0.3494068326781156
0.23958318673480344
2.180442090795719
-2.746057147817719
0.4837327116868249
0.5175654762660193
-0.6604649452644362
2.449571969497227
-1.6396209383147557
-0.2951278548546275
0.23992955345628006
2.1628420388014753
-2.7648401684292567
0.4944533384772428
0.5268937509489948
-0.6570276410707612
2.483049570843916
-1.6271893202629475
-0.23806291453414202
0.2397969522692723
2.1241351635863035
-2.754152705580183
0.5048030965945257
0.535058522434174
-0.646690102456065
2.4924651620859017
-1.6008704436448058
-0.17989392544742275
0.23921414149595366
2.068834183631856
-2.719671656782867
0.5146934558603607
0.542156263729136
-0.6310321662376491
2.482006785515063
-1.5636807434628506
-0.12204417034504009
0.23819187084198454
2.0007852144936926
-2.666224130538014
0.524052824487879
0.5482680922150905
-0.6113644725423508
2.4552083579221127
-1.5181530030852408
-0.06568573466010551
0.23673093663852005
1.923247601999224
-2.59790218223182
0.532824004488973
0.5534622747235527
-0.5887697624532401
2.4150620967129623
-1.4664044618094352
-0.011754728474315378
0.23482811080465835
1.8389660726382469
-2.518163008217491
0.5409619546420054
0.5577964231713365
-0.5641378980186795
2.364109326862511
-1.410196362966339
0.03902852955042354
0.23248034505830933
1.7502356923169546
-2.4299163447460814
0.5484318556494028
0.5613193865885258
-0.5381956548433117
2.30451394662937
-1.3509858209315257
0.08613656605580819
0.22968759127064453
1.6589601336518354
-2.335600617321713
0.5552074578109837
0.5640728595309665
-0.5115321295737199
2.238122039147872
-1.2899708450133562
0.12921070839714516
0.22645452792735407
1.5667037523894474
-2.2372492088264266
0.561269684061365
0.5660927342481165
-0.48462044316349395
2.166510447334996
-1.2281293048468653
0.1680371591894635
0.22279143881533758
1.4747379661745352
-2.136548057843658
0.5666054582288679
0.5674102269036099
-0.4578362955330484
2.0910265709776223
-1.1662525608101222
0.2025240451923393
0.21871445159356365
1.3840824150813567
-2.0348856591634017
0.5712067282343434
0.568052808243576
-0.4314738297735206
2.0128211849048805
-1.104974418256808
0.23268000783003298
0.21424530979157294
1.2955413645240492
-1.933396414214593
0.5750696555289178
0.568044967501316
-0.40575918775817715
1.9328757025768792
-1.0447959991950764
0.2585946789518992
0.20941082140990855
1.2097357887427729
-1.8329981683307734
0.5781939445966479
0.5674088357842396
-0.38086207876629125
1.8520250073578128
-0.9861070617208243
0.2804212156974278
0.20424210033828438
1.1271315482222146
-1.7344246728390207
0.5805822893047845
0.5661646922230431
-0.3569056345511302
1.7709767322776817
-0.9292042375695486
0.29836094294850546
0.1987736930609298
1.04806404813172
-1.638253621738616
0.5822399159361227
0.5643313731061645
-0.46158574323857127
2.1797575614368574
-1.1067722116131258
0.37735389893695137
0.21822011104114244
1.2498523565543742
-1.981151807721803
0.5495410076700767
0.5397418505279382
-0.5394747162699797
2.4935021690805974
-1.2378401516020363
0.4489668568105787
0.23431504957641527
1.3964104590532962
-2.2406122395063575
0.5180097671525826
0.5138332129770307
-0.59528621574357
2.7282300151542613
-1.3301368723402582
0.514403245332778
0.24769128655265688
1.4965641011243442
-2.4299263898927816
0.4874619943842989
0.4868575014629568
-0.6329900258136362
2.8973265084681614
-1.3903150189394378
0.5743378555989715
0.2588096446732322
1.558052613492626
-2.56054835920396
0.45774184681878977
0.4590371479390714
-0.6559291457597761
3.011988621785492
-1.4240791284746128
0.6290932348085253
0.2680016276142274
1.5876316771960663
-2.6423302274846536
0.42871999250923054
0.43056680819125565
-0.6669165690220171
3.0815963403751545
-1.4363023671790272
0.6787741462869163
0.2755037280137416
1.5911700197441556
-2.6837289620029927
0.4002910738214044
0.40161587153291634
-0.6683158794414809
3.1140206916834545
-1.4311320000510521
0.7233669586856021
0.28148459292395633
1.5737400420700567
-2.691988108199119
0.3723708994314955
0.37233123429537995
-0.6621088508756588
3.1158782170562906
-1.4120839489910388
0.7628105034915258
0.2860661669328038
1.5397023260244573
-2.6732971672771315
0.34489362416050373
0.3428400810615312
-0.6499525121655628
3.0927406655879763
-1.3821270028612405
0.7970442978230455
0.2893398276373209
1.4927839985373956
-2.6329312546167634
0.3178090706175194
0.31325252217492583
-0.6332275865471487
3.0493075535457765
-1.3437573761611339
0.8260392485525943
0.29137841044606727
1.4361509884820778
-2.575373349098602
0.2910802765505825
0.2836640053568783
-0.6130797944200223
2.9895481272229296
-1.2990643877872354
0.8498151454298487
0.2922449032272677
1.3724742815095248
-2.504421186984161
0.26468130592668215
0.25415746456654975
-0.5904551904247601
2.9168182430141516
-1.2497880610302503
0.86844848062442
0.29199848201610545
1.303990343797754
-2.4232806245362886
0.23859533245075287
0.2248051981388737
-0.5661304658585321
2.8339567616226424
-1.1973694421188956
0.8820734352021196
0.2906984590588147
1.2325559416241634
-2.33464708896439
0.21281298625344755
0.19567048592909497
-0.5407389664893166
2.743365252754836
-1.1429944069902387
0.890878265116666
0.2884066244090127
1.1596976276674629
-2.2407765549124683
0.18733094419436105
0.16680896528264427
-0.5147930388981768
2.64707412116463
-1.0876316825160446
0.8950988036742363
0.2851883819037279
1.0866561968648913
-2.14354732100408
0.16215073909816716
0.13826979065148884
-0.4887032140980607
2.5467976870246174
-1.0320657554414805
0.8950103701258326
0.28111300918335025
1.0144264354776846
-2.0445137156187023
0.13727776148269002
0.11009660335569854
-0.4627946566379052
2.443980272627549
-0.9769252845966547
0.8909190270766197
0.2762533089638136
0.943792498217448
-1.9449527311326793
0.11272042770423076
0.08232833757276892
-0.4373212442141354
2.339834951349466
-0.9227075730349251
0.8831528529558577
0.27068486448788776
0.8753592514558485
-1.8459044696586366
0.08848949007367601
0.054999886979409426
-0.412477592227986
2.235376291558355
-0.8697995990839704
0.8720536795938304
0.2644850654304664
0.8095799172224404
-1.748207179459478
0.0645974667987008
0.02814265415200297
-0.3884092963289038
2.1314481663235183
-0.8184960504720767
0.8579695791040114
0.2577320309434821
0.7467803442909293
-1.652527568494047
0.041058172190740226
0.0017850022398163828
-0.4927925739920228
2.6039215185621556
-0.9622818593595543
1.0525341087445292
0.2673575573191733
0.8755254978433771
-1.970457561891406
0.012251214743846946
-0.01850480676693331
-0.5710904741802586
2.9650571923864346
-1.0668292165062723
1.2124632968424724
0.2756398923239469
0.9647246018246466
-2.2094867452300813
-0.014893130284305812
-0.03952260979532256
-0.6278057326792194
3.233340152349715
-1.1387251189221559
1.3431742453395794
0.2828030498189307
1.0208662451368251
-2.382159194365026
-0.04056468509078452
-0.06104179534067469
-0.6667396302869925
3.4243457192120115
-1.183651771311069
1.4489956571680158
0.28896764996138347
1.0496755270803777
-2.4993097654069407
-0.06492670137001696
-0.08286420983127195
-0.6911012058963661
3.551204021142928
-1.2064886403318908
1.533411584046744
0.2941847538239254
1.0561720597915816
-2.5702774818487257
-0.08811761502085003
-0.10481834741776612
-0.7035975354590273
3.624990793444461
-1.2114071695741053
1.5992558209958385
0.2984623460191395
1.0447280224074733
-2.60309400895803
-0.11025342433198757
-0.12675693940387628
-0.7065090749277843
3.655055033710194
-1.201957576079343
1.6488645934536381
0.30178540843391266
1.0191255397558099
-2.604649942353535
-0.1314303104539991
-0.14855431588761076
-0.7017530686975604
3.649293055506758
-1.1811475693634892
1.6841947545619387
0.3041305876536995
0.9826126503302495
-2.580841365177704
-0.1517272638926517
-0.17010376989671552
-0.6909372884408727
3.614377397395692
-1.1515131325972265
1.7069139905148656
0.30547642211606024
0.937957210794286
-2.5366988734822584
-0.17120857703631118
-0.191315059949226
-0.6754058265567275
3.555947941742366
-1.1151817080019637
1.7184686902891433
0.3058100109383303
0.8874982066080258
-2.476501037371334
-0.1899261264502275
-0.21211212462173984
-0.6562782735225905
3.4787715453772274
-1.0739282564865584
1.7201342775844792
0.3051309019524657
0.8331940713478585
-2.4038740567171857
-0.20792141035047143
-0.23243104198532516
-0.6344833205447888
3.3868755193590774
-1.0292247334950988
1.7130519890943412
0.3034528668771244
0.7766677448375336
-2.3218791833800916
-0.2252273333238871
-0.25221824077032795
-0.6107876186275901
3.2836594357962854
-0.9822835540437223
1.6982553472931958
0.30080412503308207
0.7192483142656634
-2.2330893145637183
-0.24186974675323772
-0.2714289541681029
-0.5858205705086282
3.171988990862139
-0.9340956220524027
1.676688932139677
0.29722647795996027
0.6620091796973507
-2.1396560118888
-0.2578687628270107
-0.29002589804664847
-0.5600956166260598
3.054275011563605
-0.8854634817153986
1.649221507133071
0.29277372791239625
0.6058027651796242
-2.043368065888459
-0.2732398647541611
-0.3079781508025453
-0.5340284886617259
2.932540151490848
-0.8370301189164523
1.616655096713522
0.2875096744116348
0.5512918598557107
-1.9457026041722663
-0.2879948374723244
-0.3252602105201992
-0.5079528359168992
2.808475367282329
-0.7893039038181039
1.5797312359312634
0.28150591494205895
0.49897772174402066
-1.8478696320475616
-0.30214254285862063
-0.3418512054597083
-0.48213357502517423
2.68348789163749
-0.7426801254718411
1.53913530974408
0.2748396181680727
0.4492251120065868
-1.750850795756992
-0.3156895620068234
-0.357734235381043
-0.45677826833388424
2.5587421092975493
-0.697459528174583
1.4954996579264064
0.26759139005442745
0.40228445158023396
-1.6554330697106656
-0.32864072505910696
-0.37289582330973453
-0.43204679804247914
2.4351944891310184
-0.6538642190276001
1.4494059324532635
0.25984331415985074
0.35831130683533985
-1.5622379893098428
-0.34099954673396976
-0.3873254597059461
-0.5376101527043979
2.944618922368882
-0.7616785161474191
1.730808344253092
0.2736070424393318
0.4496440234885497
-1.8453164298983453
-0.35831062893736904
-0.39547318113009067
-0.6174496079109066
3.332374122159065
-0.8385838556160999
1.9557059627760618
0.2851041277424305
0.5109249863864589
-2.0567555263100745
-0.3737772714400353
-0.40413061993453314
-0.675900873053551
3.6185121587308897
-0.8898622008726726
2.132956956786626
0.294613781599746
0.5472196874176286
-2.2079174782484516
-0.3876004772089249
-0.4130948034725253
-0.7166312459823335
3.820015141847334
-0.920078684665335
2.2698737963056037
0.30232653671148213
0.5630225283377559
-2.308645794081331
-0.3999555949802157
-0.4221900152412471
-0.7427441096350346
3.9512643132826457
-0.933156291023031
2.372520028616197
0.3083730727891839
0.5622888870151914
-2.367447790241666
-0.41099400471241027
-0.4312660367107841
-0.7568651041277248
4.024437955639113
-0.9324472917660925
2.445952577085195
0.31284670691159966
0.5484705595689111
-2.3916569730850537
-0.4208453775076385
-0.440195833183498
-0.7612138893117941
4.049848049157491
-0.9208002573940838
2.4944175822575687
0.31582020015766576
0.5245535744283087
-2.3875773599272803
-0.4296201568478572
-0.4488730297897296
-0.7576644230091316
4.036224633607384
-0.9006219609665916
2.521507346607518
0.3173577248970578
0.4930973210040198
-2.360611598226503
-0.4374120425146068
-0.45720939150565576
-0.7477959513517619
3.9909557930621493
-0.873933865713056
2.5302852081427343
0.317522875474908
0.45627400796464224
-2.315374559882929
-0.4443003476776756
-0.46513243357134465
-0.7329363775281347
3.9202901552761458
-0.8424231540489154
2.523384315961128
0.3163835584623806
0.41590760026102014
-2.255793923138202
-0.45035215852215194
-0.47258323091371285
-0.7141992921416636
3.829507832037435
-0.8074884393020937
2.5030854135735114
0.3140145091725813
0.37351154152435123
-2.1851991068427874
-0.4556242642863607
-0.4795144574329152
-0.692515671749076
3.723064848381684
-0.770280421342769
2.4713779127204827
0.3104980739882628
0.330324726877166
-2.1063997891856245
-0.4601648502289141
-0.4858886618734648
-0.6686610512466331
3.604715328337939
-0.7317378198375561
2.4300077934739135
0.30592378811590537
0.28734533824114533
-2.0217551234132003
-0.4640149612373984
-0.4916767721435115
-0.6432788280206613
3.4776150246513122
-0.6926189571207532
2.3805152097129563
0.3003871741928068
0.24536228387135517
-1.9332346548608699
-0.46720975256079383
-0.4968568113947607
-0.6169002449773704
3.3444091953580726
-0.6535293768313601
2.3242641154258106
0.2939880932782322
0.20498409386042193
-1.8424718453457978
-0.46977954859816173
-0.5014128048640045
-0.5899615143642011
3.2073073333846303
-0.6149458821428104
2.2624657527685805
0.28682889821685414
0.1666652137428608
-1.7508110215024832
-0.4717507322823351
-0.5053338549566802
-0.5628184769010516
3.068146837044378
-0.5772373642329439
2.1961974497270127
0.27901257067564983
0.13072971034210712
-1.65934848209813
-0.47314648739300463
-0.5086133623076715
-0.5357591359086933
2.928447359477981
-0.5406827716569164
2.1264178541487686
0.27064096686939276
0.09739245952840972
-1.568968425042902
-0.4739874148388624
-0.5112483718768661
-0.5090143603756139
2.7894572840546914
-0.5054865473643972
2.0539794719475957
0.2618132520884738
0.06677792673732072
-1.4803742871237424
-0.474292042058554
-0.5132390250398201
-0.4827670119614923
2.652193531564671
-0.4717918342415768
1.9796391708464407
0.25262456931340327
0.03893668010602852
-1.3941160279289657
-0.4740772425385166
-0.5145881007893673
-0.570322267744898
3.169972651964135
-0.5240463438583364
2.319239733621405
0.2734935848707061
0.11320164956485085
-1.6034939840465772
-0.47895979248391285
-0.5096994191241971
-0.6361120359494272
3.562481148261243
-0.5586276000028625
2.5867443818663562
0.28994679462945333
0.1624168663331718
-1.7568504381466334
-0.4820942401905513
-0.505439189368398
-0.6837473129666203
3.850256125229616
-0.578705457518009
2.793425728432453
0.30254578819843714
0.1909511652949587
-1.8631391066873262
-0.4836924956324504
-0.5016180196971738
-0.7162878591789575
4.05075994028522
-0.5870220770891051
2.9487173701126936
0.311761453916569
0.20268108277838573
-1.9301376949596385
-0.4839403099501963
-0.4980735067383319
-0.7363290913965372
4.178831995660021
-0.5859304919299202
3.0605363700735584
0.3179946098856286
0.20101500257856675
-1.9645826250334861
-0.4829993130388115
-0.494668137155661
-0.7460734955386816
4.247074913023993
-0.5774340281308729
3.1355506401497477
0.32159246890209686
0.18892123088564017
-1.9722900868646072
-0.48100942778473926
-0.49128682198283835
-0.747389834836229
4.266184055779653
-0.5632250548530751
3.179398996910204
0.32286127114527136
0.16895909338517262
-1.958264703372865
-0.4780913861826139
-0.48783433493465195
-0.7418626407927484
4.24522840103858
-0.5447220148921028
3.1968712083568604
0.32207563153551766
0.1433120165612425
-1.926796956851239
-0.47434918051586306
-0.484232819174429
-0.7308338770907613
4.191889803467098
-0.5231040627267366
3.1920546481638077
0.31948521228920235
0.11382158061612349
-1.8815504068922895
-0.4698723537910117
-0.48041945683371096
-0.715438222116558
4.112666780981791
-0.4993429242196021
3.1684533746434402
0.315319310281536
0.08202164052184084
-1.8256396328481348
-0.46473808013097534
-0.4763443496236438
-0.6966330878648163
4.013048112791408
-0.47423180370984996
3.129084640800222
0.3097898844362215
0.04917175884554695
-1.7616997517426958
-0.4590130159233062
-0.47196862916335947
-0.6752242515974698
3.8976607855275196
-0.44841131523581174
3.0765570721325535
0.30309346583142527
0.016289351307946218
-1.6919482916870996
-0.4527549215063826
-0.4672627969144519
-0.6518877981665547
3.770396156439467
-0.42239251858230065
3.013134048390389
0.295412307646412
-0.01581990267056297
-1.6182401383041476
-0.44601406463753274
-0.4622052823143178
-0.6271889376186116
3.6345176214981887
-0.3965772091503921
2.940785206746601
0.28691505195874895
-0.046533695644288386
-1.5421162153282222
-0.4388344233679244
-0.4567812014261414
-0.6015981616370147
3.492752575050829
-0.37127565245638156
2.861228449366188
0.27775712000617464
-0.07538696746855403
-1.4648465089285065
-0.4312547089428202
-0.4509812954955194
-0.5755051243263626
3.34737101890431
-0.34672197653832854
2.77596438477641
0.268080973480082
-0.10204811576865311
-1.3874679974030737
-0.4233092301324428
-0.4448010280562912
-0.5492305713370246
3.200252814198164
-0.3230874441678551
2.6863047530606092
0.25801634675799706
-0.12629755827525846
-1.3108180030569578
-0.41502861980090744
-0.43823981984737853
-0.5230365918879321
3.0529452609588486
-0.3004918256789466
2.5933960714586313
0.2476805128474708
-0.14800860252891782
-1.2355634409009464
-0.40644044310838334
-0.4313004022246085
-0.49715299152389847
2.9098935915000244
-0.2788918252353162
2.50226063035062
0.23726886946705728
-0.16912211208669609
-1.1617691316816945
-0.3975972119490075
-0.2472652782340359
-0.4717052678528681
2.7643643523741135
-0.2586310096794602
2.403982095349038
0.22665765836017263
-0.18481090681102635
-1.0909508973738273
-0.2309934185974292
-0.12525214522653189
-0.5256945067400408
3.2694529609601233
-0.25883241267968704
2.7763130004685994
0.24901087273699923
-0.11807262824706052
-1.191113056239556
-0.12004859107401412
-0.04612736249997877
-0.5650534964797733
3.651513558253674
-0.25508264481108767
3.0675518779051787
0.2658270335330752
-0.07408147603780257
-1.259510892552998
-0.04768419363505426
0.004026680022740474
-0.5922059362595846
3.930594789799578
-0.24825991754415272
3.2902580351592112
0.27784699657043704
-0.048693366992659054
-1.3013682857360753
-0.0016791386357266694
0.034539123326200225
-0.6092107579614621
4.1238015456604895
-0.23912478008362922
3.4550380941511674
0.2857301381696189
-0.03826214542370241
-1.3212364847180906
0.026452985980419536
0.0518708037530822
-0.6178190594227178
4.245710278107705
-0.22832474826833968
3.570863044129039
0.2900636141728303
-0.03960635885787813
-1.3230653144937097
0.0425874225167141
0.060478718832401406
-0.619520936038537
4.3087279629847055
-0.21640215094154405
3.645336008922033
0.29137043902096993
-0.04997520090507207
-1.3102682200401914
0.05077606557970351
0.06342271887859854
-0.6155843280425399
4.323404335856191
-0.20380372934792543
3.684920186820113
0.29011646325856094
-0.06701541983030833
-1.285781280669817
0.053799992371979626
0.06293965263478658
-0.6070876928824017
4.298718296414874
-0.19089036070438156
3.695152035893505
0.2867166624633652
-0.08874937132324763
-1.25211425618218
0.053738070376356015
0.06204260469704154
-0.5949459986590048
4.24220058215347
-0.17795227888915716
3.680657366766212
0.28153800571263465
-0.11346925745017737
-1.2114170025330946
0.05389731938841227
0.06081138347873411
-0.5799356993873616
4.160284588291539
-0.16521282531371825
3.645480491503566
0.2749069562741492
-0.13980437047401845
-1.1654997744751676
0.054213290822300114
0.0593137684010363
-0.5627135541819198
4.058401010794099
-0.15284131618947017
3.593093949787118
0.2671117319133577
-0.16663939359652916
-1.1158855696457937
0.054632454750530315
0.057606685298353395
-0.5438334886599014
3.9411237661385967
-0.1409618143283326
3.5264873156308107
0.2584057318072447
-0.19308352230715548
-1.063846544622786
0.055110587128030644
0.05573781365701665
-0.5237610779013693
3.8122949910057633
-0.12966097808856847
3.448240395655017
0.24901064233347348
-0.21844139881712188
-1.010436732554451
0.05561136842205299
0.05374698245799247
-0.5028860201350532
3.675132120971727
-0.11899496706704443
3.360583671924321
0.2391192923061161
-0.2421861251556197
-0.9565213139355461
0.056105174611877494
0.05166737370355409
-0.4815329004485091
3.532319620695284
-0.10899543032376444
3.2654483513986956
0.22889830610983747
-0.2639345128130159
-0.902802693534214
0.056568040045141536
0.04952655416906406
-0.4599704904610472
3.3860875692960795
-0.09967463227516603
3.164507963275124
0.21849058597774493
-0.28342463693416087
-0.849843635030554
0.05698077169711085
0.047347355850486036
-0.43841978858281005
3.23827898711279
-0.09102978844056704
3.0592130897700476
0.20801764207943724
-0.3004956908920599
-0.7980877004966489
0.0573281953760497
0.045148624573895624
-0.41706097298908673
3.090407517533766
-0.08304669148225913
2.9508205185330842
0.19758178048825786
-0.3150700813415785
-0.7478772346537536
0.05759851594222378
0.042945854703917596
-0.39603941345772453
2.9437068442471426
-0.07570271011874365
2.8404178586677302
0.1872681537058254
-0.327137662695488
-0.6994691242898552
0.057782775383637394
0.0407517261092965
-0.3754708671039194
2.799173024738988
-0.06896924152062711
2.728944460126677
0.17714667546997076
-0.33674198127766514
-0.6530485517929363
0.057874394436427445
0.03857655769711098
-0.0771039645791134
3.0853874297470734
0.16809496510435662
2.8281059650415346
0.22432286545372157
-0.1600725367529686
-0.20897772400641057
0.05011103099353931
0.044186444270444804
0.1645302271994072
3.290789054917399
0.35133084078215737
2.894100282085694
0.25920644241993707
-0.023142071679415566
0.15335742375148237
0.043995971572572616
0.04808207948147438
0.35805410531257875
3.429904837252576
0.4899965550905646
2.933527703991209
0.28378774185582795
0.08020440359861683
0.445732367451738
0.03926523768423772
0.050531157954267325
0.510896568433952
3.5148110585691534
0.5919372286797686
2.951561221928247
0.29981752110743554
0.15540500829040507
0.6784253300541659
0.035683103257629065
0.05177311800644746
0.629449515370253
3.5555367598108347
0.6637865472358431
2.9522467893685085
0.30882393412990033
0.2072372236834667
0.860390908076172
0.03304275472568945
0.052018485237599076
0.7192043622628768
3.560406805536888
0.7111404751278172
2.9387512267213474
0.3121309239984346
0.23987358549980992
0.9994145823574523
0.031165222134401357
0.051449940618207825
0.7848712291252806
3.5363309285964917
0.7387070551345092
2.913563089088174
0.31087714265948607
0.25693624331230297
1.1022505017384139
0.029897342634927347
0.050224353695982785
0.8304830253692436
3.489045501581324
0.7504356130153322
2.878652745553131
0.306034722442721
0.26154977831960746
1.1747444450371387
0.02910925319838468
0.04847528532155452
0.8594863318475623
3.4233146396204264
0.7496281688055103
2.8355980218237136
0.29842741773267284
0.2563917436227758
1.2219435319147285
0.028691729979807026
0.04631564321847245
0.8748207113508797
3.3430967761755443
0.7390354460200378
2.785681390366238
0.2887477936797791
0.24374050185884466
1.2481940189180736
0.02855357034681155
0.04384029481467305
0.878987863804863
3.2516822291082446
0.7209395354327359
2.7299640818580917
0.2775732612850444
0.22552005489465635
1.2572283490343248
0.028619131968250347
0.04112852317157563
0.8741118642117504
3.151806591854024
0.6972249917702773
2.6693417835906885
0.26538084942636414
0.2033416739185311
1.2522424979120226
0.028826089146675723
0.038246265935827084
0.8619915714963235
3.045744108230464
0.6694399061956765
2.6045858728736957
0.2525606706216798
0.1785422382836013
1.2359645617192743
0.029123431263232826
0.03524811248267051
0.8441461681737865
2.935384556437919
0.6388482958229432
2.536373457484002
0.23942808438247778
0.15221927506436997
1.210715450199811
0.029469705878638713
0.032179056706139936
0.8218546793722246
2.822296597331041
0.6064749774110668
2.4653088872044937
0.22623459473377
0.12526275827878952
1.178462477482497
0.029831495575661542
0.029076016350733522
0.796190221832811
2.7077800414707935
0.5731439412672723
2.3919388712728846
0.2131775406080636
0.09838377825556391
1.1408665788108712
0.030182110149151658
0.02596913725147296
0.7680496466993781
2.592909058943077
0.5395111097872026
2.3167628872342014
0.20040865215706352
0.07214022947931097
1.0993238214709748
0.03050047222782365
0.022882904370446322
0.7381791625155938
2.4785679913316074
0.5060922502380039
2.2402401927896802
0.1880415546163812
0.046959691427749556
1.0550018217329848
0.03077017343875149
0.01983708249371957
0.7071964556610377
2.3654811202193127
0.4732867111099074
2.162794446355103
0.17615830570234767
0.023159693407116398
1.0088716261230417
0.030978678826955413
0.016847508854940112
0.675609763568138
2.2542374939216403
0.44139756374194966
2.084816695558945
0.1648150537172391
0.0009655630308147596
0.9617355646776652
0.03111665875374294
0.013926758444763973
0.9037648589826678
2.6200572670153446
0.48139832016083073
2.331598936044904
-0.09246465961963912
0.14269540102428907
1.2249131247100404
0.02506353855827177
0.017198591708215687
1.079916279262874
2.8982908059409707
0.5029298757256226
2.527560988201894
-0.2978412948600777
0.244662661672919
1.4260391943273423
0.020320541213715914
0.019165146935012443
1.2122808663324371
3.1035936279869913
0.5098544561113846
2.6809045053575464
-0.45955151858183974
0.31321555065192735
1.574970125908479
0.016661186068217503
0.02005594448041526
1.3079318108407179
3.2482649962157217
0.505408397821449
2.7983040147603147
-0.5846135091868716
0.35404099114994186
1.680190426937987
0.013891545221876836
0.020067862419329313
1.3729489286392726
3.3426309283108395
0.4922886555320189
2.885213195828078
-0.679005006619967
0.3721910885854309
1.7489905826483352
0.01184653205833303
0.01936886157509235
1.4125492930641887
3.3953665612496358
0.4727285946826897
2.946114335555895
-0.7478156456632511
0.37211508636297336
1.787624084820725
0.01038632669598579
0.01810156686021265
1.4312010444877574
3.413766201596016
0.4485644188936947
2.9847192205185875
-0.7953770044477748
0.35769613335923656
1.801445279179062
0.00939305403741098
0.016386591713847126
1.4327226758843392
3.403968776234629
0.42129334259965245
3.0041293135354
-0.8253734639371721
0.33229169778075707
1.7950298483410452
0.008767768946523459
0.014325552825582885
1.420369700654452
3.3711456097099686
0.3921244502352458
3.0069623312294858
-0.8409366276858411
0.29877631059165455
1.7722797912555999
0.008427765762102574
0.012003759090502832
1.3969103100544635
3.3196566075278247
0.36202305855518874
2.995451469980564
-0.8447257140125559
0.2595853637609652
1.7365147013111648
0.008304207025830443
0.00949258066113598
1.3646913952679587
3.253180091354775
0.3317493022965511
2.971522634394643
-0.8389960161595176
0.21675883359923054
1.6905510258097836
0.008340053483384307
0.0068515164961803505
1.325696124031168
3.17482075349285
0.3018915856404308
2.9368541699390347
-0.8256572360846787
0.17198399044738422
1.636770838663009
0.00848827065782512
0.004129985373733181
1.2815941102251027
3.087199495652522
0.27289547679277887
2.8929228249760386
-0.806323237005889
0.12663635810578247
1.5771814957987047
0.008710284387251565
0.001368868120196863
1.2337850877085528
2.992528299112548
0.24508856672530696
2.8410389827888585
-0.7823545292653806
0.08181837934548265
1.513467381625975
0.00897465722866931
-0.001398170780904275
1.1834368906848358
2.892672739829073
0.21870176330355318
2.782373614918062
-0.7548946026817025
0.03839541676379308
1.4470348026713178
0.009255958613809059
-0.004143555065279592
1.1315184479660376
2.789204308077225
0.1938874471277537
2.717978909573788
-0.7249010445581137
-0.0029711337127985987
1.379050945324017
0.009533803475575297
-0.006844836772611839
1.0788284149074698
2.6834443103399943
0.170734874404425
2.6488041154233573
-0.6931722336247281
-0.041793717324735476
1.3104776902883224
0.00979203633250682
-0.009483881544055755
1.0260199927080973
2.5765008128863878
0.14928317438535915
2.575707802161159
-0.6603702738234114
-0.07773148645904726
1.2421009670760206
0.01001804025208889
-0.012046178575187238
0.9736224189363878
2.4692998231528986
0.12953225392350806
2.4994674648930473
-0.6270407253306832
-0.11056608700957775
1.174556236997533
0.010202152538277994
-0.014520257092183474
0.9220595546007632
2.3626116884378057
0.11145188922836974
2.420787179733777
-0.5936296009389638
-0.1401802391240914
1.1083506114200803
0.01033717129734218
-0.01689719352611479
1.1976663364097635
1.1100614534653184
0.07744522290160381
0.00393411365911378
-0.6900803225904866
1.2821780629453332
1.3119166919745318
0.017773119651790337
-0.026525376173306088
1.4124558282755606
0.06592605392033857
0.0447278713034826
-1.988228305694254
-0.7602705977638082
2.448600150992008
1.4651603125715642
0.023670949468019127
-0.0345645148486058
1.575720521484456
-0.7931163611372745
0.014102457048700813
-3.606798623934735
-0.808852284930919
3.3910602020909226
1.5777237364082213
0.028325849684305786
-0.041308035545537594
1.6955069884245206
-1.4886132538296875
-0.013941519733570103
-4.898096523729592
-0.8397655750273989
4.138221281529007
1.6574439415933337
0.0319401391849485
-0.046956696102212814
1.7787757750552782
-2.0405369074774304
-0.039146572358039325
-5.904314470065703
-0.856341895060283
4.715861778629838
1.7106570267662327
0.03465560492023512
-0.05165089395199513
1.8315380751698005
-2.4673778307995975
-0.06142331851231104
-6.663917975529015
-0.8613897222551509
5.147185884328996
1.742466338055761
0.03657607856485963
-0.055493218531730455
1.8589738890818333
-2.786177392923015
-0.08080086656420726
-7.211889611787311
-0.8572671789489416
5.453054572258948
1.7569737145365645
0.03778274806437096
-0.058563744025063154
1.8655352698607532
-3.0125342197583724
-0.09738890585673583
-7.579889644406397
-0.8459443907617225
5.652166378299425
1.7574751007372114
0.03834412379378837
-0.06092998115786785
1.8550373100388537
-3.1606082057509486
-0.11134920620431372
-7.796384362287439
-0.8290577695552921
5.7612096475016195
1.746623129524599
0.03832215078811809
-0.0626529785209692
1.8307387724172346
-3.243136474319717
-0.12287454232902874
-7.886774041331996
-0.8079577119156881
5.7950008141437515
1.726560132798956
0.03777562453186841
-0.06379073008157675
1.7954137258928657
-3.2714680264884177
-0.13217337710806978
-7.873537293721314
-0.7837507091020173
5.766617359618821
1.6990254431479717
0.03676179761377245
-0.06439977554731695
1.7514151855303148
-3.2556183830246264
-0.139458944567704
-7.776397631347665
-0.7573365334389455
5.687529633779507
1.6654408977469881
0.03533684247872797
-0.06453565833261418
1.7007315343202811
-3.204342089351528
-0.14494165202404907
-7.612511041517391
-0.729440967322304
5.567732699260102
1.6269782511875814
0.033555653719802174
-0.0642527242111723
1.6450363787663425
-3.1252191371869533
-0.14882395984553573
-7.396669486177913
-0.7006444370052376
5.415877547225737
1.5846118450715687
0.0314713273074222
-0.06360359778097768
1.5857324241231998
-3.0247507190144987
-0.15129709357204643
-7.1415136373091945
-0.6714068697413208
5.239400142796238
1.5391594494325844
0.029134540102796938
-0.06263855987956075
1.5239899197230862
-2.9084598595398625
-0.15253909873280955
-6.857748064181095
-0.6420890823768047
5.044646497954069
1.4913137425471796
0.026592966990639948
-0.06140496311796917
1.4607802018774034
-2.780993030041439
-0.1527138690175538
-6.554352859744206
-0.6129710128678472
4.836992093914467
1.4416664690066525
0.023890810678180507
-0.059946760444609795
1.3969048407035276
-2.6462196059915413
-0.15197086999274942
-6.23878687350475
-0.5842671114357348
4.620954299297064
1.3907269319511077
0.021068476204648728
-0.05830417867096302
1.3330084089614487
-2.506904404264743
-0.1504329511343127
-5.916559817018944
-0.55614366535457
4.39994271984302
1.3389837253246282
0.018159077111626804
-0.034833706994633
1.2696440819241064
-2.366300790457548
-0.14824148005139967
-5.5936111041433785
-0.5287131991160224
4.177611539148789
1.286744933706327
0.015200194581772802
-0.019151448909644327
1.4147502274660515
-1.105196112601271
-0.06914280523598365
-3.891483296594565
-0.6717321020654184
3.7618454022310477
1.6359915224659471
-0.0007854650659018091
-0.0048861276282037795
1.5195074627086875
-0.06450845863281507
-0.010217015700901333
-2.457957921928714
-0.7804395195659242
3.372657050534289
1.905161287290117
-0.01400973659479312
0.00665659690759249
1.5905985140391548
0.7877657526978166
0.03195195797279264
-1.2552823906624513
-0.8606066900581149
3.0088916237378425
2.1063473034791054
-0.02481827598755548
0.015823533163022013
1.6337157226506178
1.4792878420136417
0.0603687799799954
-0.2508113573137094
-0.9170755291822521
2.669464557988185
2.2500738257434634
-0.033534249251992956
0.022938941126324216
1.6537119698406872
2.0339320144976236
0.07765614349905496
0.5836105056292598
-0.9539078946693597
2.353374424408684
2.3454869914984724
-0.04045254405898457
0.028298741629009052
1.654725342863384
2.472280497928868
0.08608441408700845
1.272226370866139
-0.9745151689489
2.0596935679992368
2.4005228345965204
-0.04583763895997042
0.03216838386748217
1.6402831947985734
2.8120602342063554
0.08760130746846019
1.8358919880573028
-0.9817682199108952
1.7875495413567786
2.422055145876154
-0.04992369408641946
0.03478293489269016
1.613389715459034
3.068525308841905
0.08386143029206673
2.2925427078470353
-0.9780891377100264
1.5361047658218556
2.4160255158861204
-0.05291594401715716
0.036348471649184394
1.5766000889962821
3.2547903536854093
0.07625543561095703
2.657603446027086
-0.9655268193090715
1.3045383639038537
2.387557693067672
-0.054992804678605726
0.03704418735407845
1.5320835949439582
3.382120369724852
0.06593848011449749
2.9443450571118697
-0.9458187146818314
1.0920319552231932
2.341058183582614
-0.05630831928570026
0.03702483717138572
1.4816775020229969
3.4601822005349794
0.05385764588947324
3.164191954254293
-0.9204410215272059
0.8977599225321871
2.280304810186475
-0.05699470643211998
0.0364232862528031
1.4269332363272769
3.4972624717717276
0.040778005971664574
3.3269863099280528
-0.8906494326889035
0.7208839273783574
2.208524743434172
-0.057164863601441
0.035353013387988894
1.3691560310106927
3.5004563233708277
0.02730705993982861
3.4412141611376192
-0.8575122804005477
0.5605510840218217
2.1284633255261145
-0.05691473862802847
0.03391048276996373
1.30943905333973
3.4758307653543397
0.013917330895429732
3.5141984494163427
-0.8219376357718303
0.415895051044929
2.0424448302316183
-0.05632552071914395
0.03217733546723105
1.24869283778195
3.4285660187406757
0.0009669873404217783
3.552263589342045
-0.784695642968139
0.28603928388153377
1.9524261445270492
-0.05546562837550518
0.030222377922267136
1.187670718441626
3.3630777748555674
-0.011281575685461209
3.5608756654624614
-0.7464371137490408
0.17010174998510097
1.8600442199100604
-0.05439248830687663
0.028103361557237035
1.1269908427802318
3.283122924133788
-0.022645197953260546
3.544761857692278
-0.7077091882189355
0.06720050393906855
1.7666580233397862
-0.053154110110249383
0.025868558240492813
1.0671552560141115
3.1918909687800676
-0.033005405912360994
3.5080122188043683
-0.6689686842670661
-0.0235403711623728
1.6733856179221869
-0.05179046798571418
0.023558142876626276
1.0085664683208568
3.09208303934581
-0.04229576091248584
3.4541664900725224
-0.6305936098040026
-0.1029848415401999
1.5811369197470915
-0.05033470442271318
0.02120539804205012
0.9515418524197794
2.985980179232339
-0.05049097890793637
3.3862882492035924
-0.5928931949648786
-0.17197930590618943
1.4906426074007006
-0.0488141725089535
0.018837757309212985
1.0137758026195964
2.059925414656878
-0.17415739163890034
1.4461270527520986
-0.7700561947927071
0.9278854258425699
1.380257363646992
-0.03720041222177498
0.006426782611468928
1.0569406796858674
1.2783359973140485
-0.27334904826084244
-0.15892633971038217
-0.9049823611173544
1.8284035702972785
1.2800091325616756
-0.027773355455067282
-0.003747610236691408
1.084187932464441
0.6246629212441748
-0.3519301355853058
-1.4723977407283095
-1.00503436035515
2.55599914042099
1.1898225116367647
-0.020142514536736416
-0.01207596024504367
1.0982052856949682
0.08378517381403294
-0.41319983845307995
-2.5328704827922652
-1.0764018581271662
3.133996644354893
1.109291740926766
-0.014006977055314944
-0.018859298733061195
1.1012828329117477
-0.35812579812405826
-0.45996750219304827
-3.3746440914302047
-1.1242749539967642
3.583018849594944
1.0377801696785636
-0.009130459415066058
-0.02433409386068009
1.0953705540743925
-0.7136967941535695
-0.494620025557949
-4.028237853295979
-1.1529948466167275
3.921309398445902
0.9745049215037412
-0.005323362880180484
-0.02869019206686111
1.0821278000031704
-0.994417762847734
-0.519181444507565
-4.52078716392373
-1.1661840293380068
4.164999082394645
0.9186058823736861
-0.002430015959247736
-0.032083572658921214
1.0629655799679336
-1.21069435462848
-0.5353651386223288
-4.876368006875583
-1.1668583068705873
4.328330392993167
0.869199599003465
-0.0003197159570308451
-0.03464530293797954
1.0390825766406409
-1.3718968821579511
-0.5446192838548236
-5.11627439961262
-1.157522795800201
4.423851252851013
0.8254195397856403
0.0011194833207768835
-0.03648774709228522
1.0114957872848307
-1.4864107501738595
-0.5481662302320975
-5.25926529911265
-1.140253896152288
4.462585738238782
0.7864446005806925
0.00198503042933834
-0.037708821753008895
0.9810666082246873
-1.5616907033278182
-0.5470364736709675
-5.321791196753325
-1.1167690328522064
4.45418717264624
0.7515178674879213
0.002362771823260885
-0.038394888441414435
0.948523075473802
-1.6043193955304829
-0.5420978532104352
-5.318206189921324
-1.0884857811903568
4.407077157913273
0.719957584308398
0.0023289170614097985
-0.038622715961669586
0.9144788676603033
-1.6200696467981077
-0.5340805559240858
-5.260968362247049
-1.0565718160725663
4.328572829250056
0.6911620941562595
0.0019513857493237575
-0.03846082483158135
0.8794495785411016
-1.6139691524278725
-0.5235984595503997
-5.160829488119167
-1.0219869631988732
4.2250037665465
0.6646102904763064
0.0012907563093426714
-0.03797043383041022
0.8702102795558952
-1.4413152581106787
-0.5549379980285039
-4.634233693852571
-0.9485270771348748
3.7263145678460363
0.6207874774607446
-0.0010232005109028905
-0.0357819915430583
0.8570529531653657
-1.2855096069634782
-0.577332070621721
-4.1621321069403505
-0.8796868712269649
3.286995784652809
0.5809324679154243
-0.0032527980954795833
-0.03363423069516713
0.8406155887495825
-1.145240488287098
-0.5920299215534696
-3.7390536665528047
-0.8152432202784384
2.899941609492862
0.5444153757668707
-0.005378215077422097
-0.031547578136482485
0.8214486438146422
-1.0190428983462039
-0.6001314475223166
-3.359773022472259
-0.7549727438992844
2.5587752015356893
0.5107451103570642
-0.007388069096590179
-0.018523123924564563
0.8000790757258784
-0.9059553321805224
-0.6026474206877522
-3.02014290226164
-0.6986592982722439
2.2581897322308477
0.4795106310022675
-0.009272673697159157
-0.009849265163101209
0.7769489767274839
-0.8047574711247718
-0.6004513484437207
-2.7160121151475645
-0.6460900716150179
1.993314946849705
0.4503991181145327
-0.01102879287023258
-0.004167823668055738
0.9306868663096953
-0.3777618468152479
-0.6339926204726976
-2.266434656367386
-0.7806885327175073
1.9336424874736564
0.6463438510274561
-0.015184547225316189
-0.0003503965013149173
1.048291238077582
-0.027275869255094065
-0.6584589359294006
-1.8775931744046723
-0.8804940903848961
1.8647536422778912
0.8008441093091314
-0.01866784899158404
0.0028185591919245166
1.134592054826967
0.25817366467112174
-0.6740206832440988
-1.5416529918194897
-0.9520568575895857
1.7891386383907932
0.9207252692536713
-0.021561770949784127
0.005422024552764143
1.1938650902971708
0.48841112887896365
-0.681022890030482
-1.2518010822363939
-1.0008680163636194
1.708888611269707
1.011773396973804
-0.023941066535103306
0.007534630581196495
1.2298920379352658
0.6718479606395258
-0.6799340118092315
-1.0021107604412356
-1.0315252374729462
1.6257493706752935
1.0788951861571472
-0.02587232680908758
0.00922281867959849
1.2460131568028348
0.8156850103462558
-0.6713047394138136
-0.7874234604664394
-1.0478713577615355
1.541167913162638
1.1262520709711805
-0.027414424646881725
0.010545287236464284
1.2451737842501789
0.9260859068495875
-0.6557351681006692
-0.6032460030266481
-1.0531109945837627
1.4563329565172296
1.1573728980259113
-0.028619111340334097
0.011553589858285604
1.2299657153496604
1.0083254737599083
-0.6338489208159048
-0.4456616623073065
-1.0499088996902752
1.3722104405214537
1.1752487907093332
-0.029531678809592423
0.012292798726679037
1.2026642128003244
1.0669167318574282
-0.6062730340502183
-0.31125337401203057
-1.0404731436149326
1.2895747105132709
1.182413207235115
-0.030191632769731448
0.012802178620661383
1.1652612407188476
1.1057195603550352
-0.5736225996514563
-0.1970375287326984
-1.0266256471968824
1.2090359430825715
1.1810096665605512
-0.03063334366447251
0.01311583854401504
1.119495392152236
1.1280336721674558
-0.5364893133697545
-0.10040693263068433
-1.0098621143746482
1.1310642643421605
1.172849179754697
-0.03088665641268479
0.013263342085459285
1.0668788897355033
1.1366781873303904
-0.4954332145336075
-0.019081669146703895
-0.9914030486345344
1.0560109348123274
1.1594590648628338
-0.030977449346824143
0.013270266941430046
1.0087219721296645
1.1340597629934106
-0.4509770146357438
0.04893325254717369
-0.9722372368388547
0.9841269202630469
1.1421245284494435
-0.030928138736451772
0.013158710024265014
0.9461549289726067
1.122230954968956
-0.40360250887929355
0.10538443230383088
-0.953158844078256
0.9155791275037257
1.1219241558662238
-0.030758129060763372
0.012947738335672946
0.8801480092833094
1.1029402408038287
-0.35374864657457306
0.15180163447710232
-0.9347990698542956
0.8504645531487024
1.0997602554304247
-0.03048421145700378
0.012653788039616264
0.811529399185514
1.0776749236051546
-0.30181090592853005
0.18952508294690115
-0.9176531597431007
0.7888225685405302
1.0763848410856054
-0.03012091403022367
0.012291015422005605
0.7410014420406046
1.047697955295775
-0.2481416780944029
0.21972910996734915
-0.9021034400486442
0.7306455431562482
1.0524219070300322
-0.029680808308884598
0.01187160402058146
0.6691552558713757
1.0140795637223976
-0.1930514158910537
0.24344268216155632
-0.8884389397124536
0.6758879906060083
1.02838654067063
-0.02917477630608344
0.01140603238199748
0.5964838880786916
0.9777244365480882
-0.13681034564020206
0.26156724862431757
-0.8768720790609994
0.6244744049283906
1.004701332522969
-0.02861224255806734
0.010903306814304976
0.5233941350121831
0.9393951029516182
-0.07965057717504095
0.27489228906561025
-0.8675528350230024
0.5763059398020312
0.9817104696077991
-0.028001375268560284
0.010371163259722727
0.5337391708066586
0.9883407073734213
-0.10551557539968233
0.12361644462848101
-1.0865310815624267
0.6842373134437625
1.0961669906539362
-0.025821017479138147
0.008287999204439612
0.5236676707891704
1.0176850065208412
-0.10901400473663568
0.0023384621039832937
-1.2656418370936582
0.7649976783170644
1.1881193967073231
-0.02396175854081205
0.006544020228667787
0.4952978018225276
1.0310723734492502
-0.09222835402849558
-0.09362760108888575
-1.4128093983685144
0.8228541634178917
1.2622366562713794
-0.022368305651927458
0.005083476102437768
0.45058450520655124
1.031390771930044
-0.05711810373054973
-0.1685078658840125
-1.5346869665538008
0.861589874319083
1.3223757704068024
-0.012969285714928606
0.0038587364464308556
0.39130351460295276
1.0213295400187519
-0.005509913638640243
-0.2255359919428031
-1.6367990237919998
0.8842518247045827
1.3717007199477729
-0.006728259025971366
0.0028321997931521235
0.31907373997824
1.0029238918156087
0.060912578357958214
-0.2677617610639607
-1.7237749430248934
0.8936036854340466
1.4128226060899636
-0.0026569071122160897
0.0019706962266994666
0.2353522285523762
0.9778647495420368
0.14061260426927663
-0.2977944172749256
-1.799466001573642
0.8920136256994515
1.4478880900424356
-6.782969549562305e-05
0.0012463269140406295
0.14144079273205684
0.9475585411562413
0.23220017785658467
-0.31786036081282276
-1.8670679885217376
0.8815051170830009
1.4786606080829128
0.0015160385395481958
0.0006356106567160444
0.0384938985457219
0.9131769574459674
0.33442925520711947
-0.329853782857059
-1.9292254478031214
0.8638015392280642
1.5065877542962036
0.0024248758724463265
0.00011878697002740883
-0.07247257088852065
0.8756982123904042
0.4461927723271036
-0.3353811531197854
-1.988120189039939
0.8403653194812443
1.532857050129947
0.002886398103241293
-0.0003207593028304174
-0.1905719865968745
0.8359411767851949
0.5665160840473162
-0.33580030606800093
-2.045546322435877
0.8124322495397134
1.5584420002570718
0.0030569484943831246
-0.0006969776119517176
-0.3150373731133971
0.7945916842500246
0.6945493798050626
-0.33225731965455085
-2.102974109777618
0.7810429030753053
1.5841402332810175
0.0031643041961459052
-0.0010215694461419849
-0.44521156356832225
0.7522307396639039
0.8295588366758075
-0.3257099233254521
-2.1616026982418752
0.7470654136567604
1.610604267876191
0.003231434244796483
-0.0013042905879902804
-0.5805374383288167
0.7093503796196399
0.9709177094683052
-0.31695839370694745
-2.2224058205425323
0.7112208889068099
1.6383673917656856
0.0032666762411999264
-0.0015532675453406959
-0.7205483082362601
0.6663695547642023
1.1180969817382826
-0.30666858352701515
-2.2861697208276173
0.67410351405577
1.667864633714557
0.0032769809494331494
-0.0017752448556722755
-0.8648584977937853
0.6236474702866354
1.2706558765175608
-0.29539174883542163
-2.3535248461862865
0.6361979600614582
1.699449856035444
0.0032681219450212307
-0.0019757951734810453
-1.0131541822612713
0.5814946553766686
1.4282323718706549
-0.2835818203293002
-2.4249722371125033
0.5978945688259231
1.7334096436073565
0.0032448753454816974
-0.002159499373738277
-1.1651845097096185
0.5401821850175316
1.5905338168584051
-0.27161040221798444
-2.5009053799624335
0.5595025795697485
1.7699745310957329
0.0032111739432293604
-0.0023301009949926793
-1.3207530212005292
0.499949396723415
1.7573277127386067
-0.2597797577450896
-2.581628174060871
0.5212616328757169
1.8093280153949047
0.003170239343676843
-0.0024906386310775052
-1.4797093679378819
0.46101037779199544
1.9284326989459597
-0.2483340168180153
-2.667369571399156
0.4833517638509984
1.8516137216981663
0.003124695151179634
-0.0026435593210957856
-1.4547086188617084
0.42398255065988844
2.124502513167154
-0.5311546339278037
-3.054108475720195
0.5677590953231124
2.2598215260713177
0.005873604491988346
-0.005587756233797692
-1.4818896980011549
0.3867057887504523
2.331215959913852
-0.7554837810584281
-3.397664998114707
0.6288759104978854
2.6078244227664014
0.007991601532022578
-0.007897512449263285
-1.5553534744960646
0.3501710926536224
2.549773991521467
-0.9304940881438617
-3.707482651955938
0.6697133177501249
2.9066387139062937
0.009586315965595112
-0.009680307943630494
-1.6698191638888293
0.3151382574820995
2.7808484372656452
-1.0641457979185187
-3.9913684258469653
0.6929527266761661
3.165476299661083
0.01074721715346577
-0.011025502716523538
-1.8205546077405963
0.2822028027491638
3.024692610670149
-1.1633315785906535
-4.255738631488347
0.7009678269798751
3.392019196859537
0.011549076401618277
-0.012007777773472245
-2.0033100863412105
0.2518488621941695
3.2812277554786218
-1.2340049120171988
-4.505825838311103
0.6958471290489129
3.592651339678622
0.012054649184415527
-0.012689805218666516
-2.2142554679411917
0.22449005238896988
3.550108986940105
-1.2812942170593038
-4.7458525397670615
0.6794167861579963
3.7726535856399512
0.01231677749655662
-0.013124344314229415
-2.4499205893596168
0.20050019035298633
3.8307740540336255
-1.309604371472274
-4.97917646636623
0.6532634072058149
3.9363672634291853
0.012380058008815031
-0.013355906917051059
-2.70713883134725
0.18023551487388
4.1224779111193035
-1.3227069693352727
-5.208411838652445
0.6187565979216583
4.087331008616969
0.012282182144160221
-0.013422096912246394
-2.9829939131107994
0.16404982700467874
4.424315769017074
-1.3238204341379616
-5.435530321048684
0.5770710156520892
4.228395069346664
0.012055025554590463
-0.013354700162356563
-3.27476999307034
0.15230372951741428
4.735237010331891
-1.3156809600910935
-5.661944981453582
0.5292077746672812
4.361816744086575
0.011725543791614348
-0.013180581169873177
-3.579905231449953
0.14536892956283648
5.0540521087286
-1.3006051498232671
-5.888580170508583
0.47601508738002685
4.489340145958383
0.01131651603947929
-0.012922427970364324
-3.8959490451617085
0.14362838308363682
5.379434487621224
-1.2805451385892672
-6.115929898466791
0.41820806744305156
4.612263074702481
0.010847168019927559
-0.012599376171292127
-4.220523364224097
0.14747290878478647
5.709919086763712
-1.2571369329486006
-6.344106996875284
0.3563876511488815
4.731493415318176
0.010333697413634917
-0.012227535387890223
-4.551288276990457
0.15729478581942205
6.043899268624499
-1.231742639190176
-6.5728850973464805
0.29105861314010806
4.847597166279796
0.009789719529162478
-0.011820435774237028
-4.885879589728507
0.17354705960267508
6.379588554054838
-1.2053929999207451
-6.801700327658486
0.22259911458986997
4.960814594232322
0.009226091912975317
-0.006890839715975802
-5.221996978749493
0.1964885491035269
6.71513825934601
-1.1791548353424604
-7.029804489443218
0.1514466663479097
5.071184342386645
0.008653227876505744
-0.003613342641912743
-5.557256081381807
0.22646872907919152
7.048499753983447
-1.1537496068085091
-7.256154501404819
0.07790583297922095
5.1784734006420905
0.008078933095002596
-0.0014714654671774577
-5.889227999374737
0.2637860721750375
7.377483669764726
-1.1297514262517596
-7.47949856138603
0.002251186605630215
5.28224930432913
0.007509691235677919
-0.00010591155034567526
-6.215434230449059
0.3086743625413491
7.699768781762244
-1.1076051868996384
-7.698404777458639
-0.07526067361638036
5.38190877096771
0.006950853155267439
0.0007327358314162995
-6.449091905779351
0.5755060394238047
7.921471280963433
-1.0072603034726104
-8.186493894099115
-0.12381167979907627
5.659307184845726
0.00618385492051354
0.0011515739102372442
-6.6908863561126335
0.8063488873127455
8.152824052940474
-0.9241301380176015
-8.618147075020733
-0.182566089306081
5.898991416013007
0.005460681303183381
0.001524857010068926
-6.935096958191542
1.0080773760546349
8.387609810783188
-0.8564029079929387
-8.999610039726514
-0.2502070660106948
6.1050593747303825
0.004787298696292742
0.001847071268469531
-7.176153540040408
1.1864142065027512
8.619751525904848
-0.8024463984337298
-9.335442566468025
-0.3254362917324921
6.280518547918612
0.004166906793271328
0.0021154636360480815
-7.408709022593467
1.3460609157334138
8.843399200581153
-0.7607741662650438
-9.628845280174398
-0.40697069960155824
6.427510947343027
0.0036007332992156796
0.0023292490031666686
-7.627715367480602
1.490811164262699
9.053018049843525
-0.7300174302834077
-9.881951730629176
-0.4935398245277326
6.54751200937567
0.003088625983581637
0.0024890176534457928
-7.828501016066734
1.6236511997517946
9.243476639650703
-0.7089022513821504
-10.096089848197657
-0.5838847982859328
6.641506420955334
0.0026294867714294
0.0025962992985988404
-8.006847241252535
1.7468514042759105
9.410132622463658
-0.6962315920923413
-10.272015321201785
-0.6767597236511256
6.71014286263505
0.002221582464914431
0.0026532497521459834
-8.159060197232595
1.862052113136777
9.54891295652802
-0.6908718437346331
-10.410118205743855
-0.7709358588867758
6.753868844895809
0.001862759107558394
0.0026624336875536525
-8.282035051052612
1.9703460789802163
9.656385000479942
-0.6917434076374717
-10.510603181677839
-0.8652087378924695
6.773046209927321
0.0015505814524269881
0.0026266823586616156
-8.373308494662922
2.072359092438502
9.72981472289543
-0.6978149059279679
-10.573643322848886
-0.9584080548258697
6.768047502319499
0.0012824150116499155
0.002549009066765163
-8.431096211408715
2.168329415889855
9.767208502027582
-0.708100575139335
-10.599507052982949
-1.049409871432579
6.739333283462575
0.001055465339670554
0.0024325679264202405
-8.454312505936768
2.2581859014788606
9.767335613421249
-0.721660364479799
-10.58865808516152
-1.1371504788385633
6.6875105598023525
0.0008667871789842794
0.002280643453300998
-8.442570253777339
2.3416240075396226
9.729729463282197
-0.737602225369628
-10.541828542819411
-1.2206410803069536
6.613372777989198
0.0007132745678410181
0.0020966599708994896
-8.396160496610559
2.418178448175108
9.65466683057557
-0.7550860469605846
-10.460066062041795
-1.2989823705392838
6.517922256899743
0.0005916417178085717
0.0018842010623410152
-8.316012281152519
2.487290940647255
9.543125705887082
-0.7733286715999195
-10.344756391504918
-1.3713780771271395
6.402376412769076
0.0004984032126608942
0.001647030483469006
-8.203634579827366
2.548371463605964
9.396723620186547
-0.7916094216925573
-10.197623744219458
-1.4371465993649646
6.268159620889742
0.0004298607162528794
0.0013891072513092918
-8.061043211767378
2.6008515912711125
9.217639506638541
-0.809275590368294
-10.020711824902534
-1.495730019259851
6.116882981767812
0.00038210182915144936
0.001114589111717965
-7.890676498780909
2.644228788238322
9.008523021814216
-0.8257473951865771
-9.816348983066348
-1.5466999526088565
5.9503145696593505
0.0003510149929724095
0.0008278202873227855
-7.6953038755248135
2.6781009847352655
8.772395795064357
-0.8405219659403885
-9.58710127157935
-1.5897599330611625
5.770342903092427
0.00033232246229488984
0.0005333012626620741
-7.209287800225025
3.011431878937324
8.405561651652869
-0.5689775903041141
-9.69653772896255
-1.6032992708474407
5.914894277604809
-0.002721857643346395
0.0032791293706180237
-6.751235657979411
3.271235432209004
8.033200435895012
-0.35029200825235496
-9.71396861415122
-1.6169374049723098
5.981314019370201
-0.005117421136936549
0.005372086509802562
-6.316687181385288
3.466889849837866
7.656186220858307
-0.17587945729589607
-9.652598341711291
-1.6291224869763405
5.98127329642449
-0.006950729838088813
0.006908645406984041
-5.902586362258318
3.6066948517984327
7.276054794095785
-0.03835426528081623
-9.524305516348615
-1.6385598658808778
5.925268079118975
-0.008308604421391756
0.00797571167188603
-5.506960614942181
3.6980365371737967
6.89479388288213
0.0686126611499761
-9.339817459001766
-1.6442240334269649
5.822735602599043
-0.00926859864474021
0.008650912835733434
-5.12863913229482
3.7475166192410754
6.514652205110702
0.15042182383518288
-9.108831644897554
-1.6453556755563499
5.682141359109604
-0.009899447604965769
0.009003057775539176
-4.767013713345452
3.761052909179437
6.137974807424889
0.21165962917231892
-8.84010091643629
-1.6414471347632167
5.5110470882899465
-0.010261613685055727
0.009092690450669327
-4.421842540046656
3.7439574383173353
5.767068564172379
0.2562010548581629
-8.541495808039704
-1.632219558464424
5.316167751521539
-0.010407879944096898
0.008972687981525328
-4.093095014345067
3.7009978241236077
5.404098671376481
0.2873018054670641
-8.22005395919268
-1.6175947438340423
5.103423155484574
-0.010383959283983994
0.00868887178575561
-3.7808340162915584
3.6364465478139105
5.051014647899245
0.30768099268591675
-7.882023602015467
-1.597664275657799
4.87798788273344
-0.010229100421635436
0.008280613285289092
-3.4851308478000824
3.5541218421257526
4.70950278205921
0.3195951649055089
-7.532905613796199
-1.5726580668974908
4.64434157153202
-0.009976679883761894
0.007781423947874079
-3.206007624929617
3.4574229754776407
4.380961068515157
0.32490436626211855
-7.177496666102123
-1.542913912639904
4.406320378369832
-0.009654774127817027
0.00721952432147218
-2.9434018591503914
3.3493619195363453
4.066492343640648
0.32513081497166774
-6.819934560602895
-1.5088492003373823
4.167169624020489
-0.009286708507878823
0.006618389293549616
-2.6971482908377586
3.2325927284736875
3.766911404240068
0.3215107403230653
-6.463745856644948
-1.470935509556739
3.929597110403211
-0.008891580989019281
0.005997267914628564
-2.466973577974951
3.109439444928847
3.482762245999109
0.31503989310669583
-6.111895285213861
-1.4296764957785737
3.695826332604299
-0.008484758911710815
0.0053716764261610445
-2.2525000915985443
2.9819229698549816
3.2143420663838955
0.30651323395932617
-5.7668361217205435
-1.385589187629785
3.467648730474325
-0.008078347172033928
0.004753863094978478
-2.053255744502567
2.8517870723645475
2.9617292500048977
0.2965592993939225
-5.430560575456374
-1.339188630783157
3.2464741670999118
-0.007681626199380596
0.004153243377431564
-1.8686874243535776
2.720523549208561
2.724813127504589
0.28566974024580244
-5.104649277779004
-1.2909756760609665
3.033378937998383
-0.007301458232115251
0.003576803974553085
-1.6981761820742354
2.589396449442225
2.5033238299139513
0.27422451839950307
-4.790319059324393
-1.2414276236930837
2.8291507676783225
-0.0069426606667735615
0.0030294745523163445
-1.54105282394601
2.459465238097144
2.2968610258762583
0.26251323332620036
-4.4884683577844795
-1.1909913896584998
2.6343304126874294
-0.006608345678402606
0.0025144662793849535
-1.656430237772661
2.5076552792678766
2.4160198262044976
-0.2029154158840636
-5.08096402155957
-1.0522194278715067
3.2507771199172915
-0.0023021385307635594
-0.001964507096979271
-1.7458837855469975
2.5308141627303824
2.499547853471778
-0.5808094541303653
-5.529791647782041
-0.9391323925242518
3.727177338318564
0.0010507709436068367
-0.005481824400955908
-1.80975536547983
2.5326159653676252
2.549107983653809
-0.8834471024351986
-5.854312893546042
-0.8475390616984342
4.083864470044575
0.003615123859603853
-0.008202161696244971
-1.8492339684107006
2.5162502261910915
2.567208597268063
-1.121604494011509
-6.071903504202372
-0.7737275360982383
4.33868532527939
0.005527376030927588
-0.01026194452677122
-1.8661207066832428
2.4845089368750872
2.556938885506788
-1.3047303556303103
-6.198142223282843
-0.7144454840433802
4.507295403659713
0.006900949633017922
-0.011774598174955337
-1.8626244952248787
2.4398534069968294
2.521736297682738
-1.4410985470561948
-6.246968321514488
-0.666875199491818
4.603412327332385
0.007830341779834252
-0.012834652472910931
-1.8411901289609383
2.384465168696535
2.4651907961637063
-1.5379420939421757
-6.2308169259652555
-0.6286040672534923
4.6390348363444325
0.008394395734571186
-0.013521007712631657
-1.8043583597832151
2.3202845332395725
2.3908869535218846
-1.6015715511896431
-6.160739021833281
-0.5975915274513104
4.624633654553681
0.008658947289859706
-0.013899575079161494
-1.7546560703873295
2.2490398523750086
2.302282355869064
-1.6374799553587662
-6.046511014262143
-0.5721338313963417
4.569319392122507
0.008678994558118757
-0.014025440622707329
-1.6945136575723438
2.172269990614628
2.2026190876747713
-1.6504361898641828
-5.896737106649079
-0.5508278776838712
4.48099157801093
0.008500495346377887
-0.013944657513845798
-1.6262061801341694
2.091342001617804
2.094864099692356
-1.6445682512670763
-5.718946478142728
-0.532535287171048
4.366471978743151
0.00816186636409447
-0.013695741169698782
-1.5518146091777203
2.0074655399085213
1.9816738442827022
-1.6234376425795465
-5.519686303081158
-0.5163476775197343
4.231624587654843
0.0076952383952585395
-0.01331092151217631
-1.4732035589611925
1.9217051393216087
1.865378555035253
-1.5901059131585045
-5.304611006893294
-0.501553874832319
4.081464064500939
0.007127508156016727
-0.01281719304572248
-1.3920120984420643
1.8349911567279498
1.747981821293303
-1.5471942024819771
-5.078567744488017
-0.48760958028838963
3.9202539541265455
0.0064812186407350566
-0.012237194414147397
-1.3095805215866592
1.7481626679092037
1.6311192095510663
-1.4968412936198643
-4.845615513269449
-0.47413342514923545
3.7515380194135086
0.005774676307286813
-0.007009734989495318
-1.2272234525068833
1.6618582781999822
1.5162643950878234
-1.4410931459426222
-4.6093244131330025
-0.46079679257070777
3.578427136464429
0.005024794783291353
-0.003546944662522591
-1.1459191637851347
1.5766733572937086
1.4045246637226219
-1.3815254638890593
-4.372577857495202
-0.44740837001663686
3.403419818220855
0.004244833795301984
-0.001295638208391541
-1.0664646422071264
1.4931044839009566
1.2967657978648481
-1.3194622853311198
-4.137754781774183
-0.4338489173096265
3.2285755650376258
0.003446018121560807
0.0001288458977986651
-0.9894923000674953
1.4115593073621657
1.1936392770047801
-1.2560074802298695
-3.9067908231890565
-0.4200557961226345
3.0555724563259234
0.002637862222871371
0.0009933797957031596
-0.9154867604620036
1.3323663532908152
1.095608950004521
-1.1920717116424993
-3.6812337548218657
-0.40601012946612214
2.8857579863808236
0.0018284281257304187
0.0015544172582797598
-0.49878270402075425
1.6350078800335799
0.8109358256709158
-0.80146617115891
-3.897144798260116
-0.3767161930928255
3.0452092322574082
-0.001452267063707924
0.004633715426706224
-0.15258458721878393
1.8642683359211065
0.5684193459891367
-0.4730013531599707
-4.031927702655797
-0.3526397285904395
3.1440704398239925
-0.00418029302660235
0.007160937048566195
0.1333262264112522
2.0317877998958003
0.36239307890946404
-0.19791984629822668
-4.099183671715894
-0.33263682644248094
3.1924921266441544
-0.006427416665949223
0.009208009985324016
0.36767876150498474
2.147637382603383
0.18802060347179156
0.0312908333928382
-4.1107559748559135
-0.3157619467092203
3.199312404321861
-0.0082600787492049
0.01084151432558368
0.557944933829225
2.220509983305639
0.041151595692151044
0.22107983613680052
-4.076921305763598
-0.30124545795986796
3.1721982538271662
-0.0097382145655264
0.01212151606309245
0.7105336884953822
2.2578886914784833
-0.08179459350213235
0.3769892494606393
-4.006560972434409
-0.28847096761744445
3.117772893068372
-0.01091486154889163
0.01310118276921166
0.8309529799232427
2.266195973519641
-0.18392282477759092
0.5037878183197393
-3.907315304116806
-0.2769534236029584
3.0417313230750938
-0.011836264984007895
0.013826893835639075
0.923944947609703
2.2509260937234314
-0.2679378066230969
0.6055848649266026
-3.785723583217219
-0.26631863713448045
2.948945458903547
-0.012542282345257382
0.014338646921448968
0.9935988461208136
2.21676272355296
-0.33620510126181247
0.6859270153944069
-3.647351113970347
-0.25628461775962064
2.8435598221789258
-0.013066950181047797
0.014670625321259345
1.0434455687250956
2.167683343651913
-0.39080049931734884
0.747880130132516
-3.496904602568906
-0.24664491529385868
2.7290785157174255
-0.013439122319091964
0.014851835620951744
1.0765369700095528
2.1070517970507523
-0.43355020682911727
0.7940985939621383
-3.3383367588374058
-0.23725401952671857
2.608444058124422
-0.013683119862152938
0.014906756536890243
1.0955126442620247
2.0377001769972902
-0.4660638069050858
0.8268838730387706
-3.174940876481839
-0.22801476769911383
2.48410858498353
-0.013819355721164437
0.014855961985781497
1.1026563491069845
1.962001104626353
-0.4897615518066517
0.8482340031798857
-3.009436065197043
-0.21886764295558603
2.358097893374432
-0.013864911949149964
0.014716696853177093
1.0999438708051563
1.8819313531902782
-0.5058972052056829
0.8598854466721472
-2.8440437647514947
-0.20978180642012062
2.2320687979174205
-0.013834058789953434
0.014503394507906471
1.0890838004027035
1.7991276952473834
-0.5155773815873298
0.8633485467825485
-2.6805561496007675
-0.20074768461984424
2.1073602665040614
-0.013738711505054681
0.014228132206939442
1.0707251626280974
1.7156689851770826
-0.5186466649193031
0.8600578641386789
-2.521308618538869
-0.19271936982766502
1.985191358569493
-0.013589217556373356
0.013901417012757258
1.0459877371582376
1.63278123918581
-0.5157624337006043
0.8511674742623093
-2.3675821846101726
-0.18587872903525446
1.8664182337174173
-0.013393958881304822
0.013531786837066843
1.0162150063818565
1.5510267123970682
-0.5080793043865839
0.8375126391208895
-2.219942239398744
-0.17985245198128041
1.7516825174368689
-0.008079877516615458
0.013125536531624106
0.9826517783932972
1.4709912145770359
-0.4965952143269093
0.8200830911730697
-2.078688714468474
-0.17447172706061329
1.6413123862749444
-0.00452227501756635
0.01268961757590433
0.946283362003741
1.3930511895871223
-0.4821450001117903
0.7995796976479778
-1.9440547521267904
-0.16953779110740838
1.5356164780034887
-0.0021745910239786715
0.012228893843170562
0.8876982006341088
1.764140743009314
-0.7751281762996844
1.4063591497148802
-2.207113491128516
-0.13556106159463835
1.1308008110027745
-0.00036874792708634606
0.01643272940082595
0.8303483365655341
2.0534579159808204
-0.9957494091768192
1.8884447629008436
-2.39980884952378
-0.10943785523705535
0.789242800775221
0.0006930326124274665
0.019557103855233314
0.7746080894603355
2.273938121977518
-1.156136691576579
2.2660485188837804
-2.533311540501685
-0.08955740169860259
0.5020730047524233
0.001268571912222525
0.02175793577466674
0.720774853006444
2.4366040460699065
-1.266713070524388
2.5562076366265
-2.6173402313334084
-0.07460873360991763
0.26164165040553
0.0015326090659407736
0.0231823537102882
0.6690787318734274
2.550841334261263
-1.3364153698978782
2.7732778079164118
-2.6603227121365856
-0.06353019975757036
0.06135226715869915
0.0016026522921484094
0.023963592920816238
0.6196909499904423
2.6246377810489494
-1.3728830572245725
2.929355726856687
-2.669541700095615
-0.055465926985763955
-0.10448294396722668
0.0015569297076975712
0.024218918933701955
0.5727312955369186
2.664789446591117
-1.382623063385663
3.0346382927168545
-2.65126692765062
-0.0497288397076368
-0.2407684223669356
0.0014468310240768464
0.024049406679411172
0.5282748043978382
2.677077353504238
-1.3711546564485253
3.0977261967179106
-2.6108747076924925
-0.04576962052785723
-0.3517335611322006
0.0013055116141105381
0.023540794808183763
0.48635767181288075
2.666418277249884
-1.343137256555885
3.1258791269388677
-2.552956080383059
-0.04315085415015414
-0.441026008072464
0.0011655050174181197
0.022764902613220627
0.4469807314262596
2.6369920108071336
-1.302482464732359
3.1252267199095325
-2.481416221191122
-0.04152507096335214
-0.5117900376384477
0.001223390730517633
0.02178126531159345
0.4101202827622857
2.59235384296339
-1.2524573637038325
3.10095698216369
-2.399555607757022
-0.0406191633620884
-0.5667419845989363
0.0014314008210317927
0.020638883592646855
0.37572883325318485
2.5355248792408376
-1.1957709345325231
3.057459838776089
-2.310152042453749
-0.040218836668651545
-0.6082258204941525
0.0017507210260343659
0.019377791897947208
0.34373942590603207
2.469070627667599
-1.1346522899010971
2.9984523231653224
-2.2155299576246827
-0.04015706231688109
-0.6382645966422279
0.002150025021209463
0.018030522803898115
0.3140695494941845
2.3951676269673703
-1.0709195659352573
2.927083081516492
-2.117621888594918
-0.04030471944801078
-0.6586046736848418
0.002604181837401325
0.016623398348141666
0.28662464663250836
2.315659961296206
-1.0060404172281527
2.8460196595027054
-2.018022794569454
-0.040563027947589106
-0.6707537422607385
0.0030931415583218083
0.01517764314801856
0.26130123381263315
2.23210723837691
-0.9411849722596692
2.757521490020849
-1.9180378849703417
-0.0408574404349167
-0.6760135035051508
0.003600991390364136
0.013710327208358148
0.23798964830301536
2.1458253709282045
-0.8772720333107368
2.6635010235276733
-1.818724579961402
-0.04113271762284274
-0.6755077596733521
0.004115167156538756
0.012235153359828065
0.21657643877642435
2.0579212942968
-0.8150092404454982
2.5655750333124443
-1.720929199905575
-0.04134896055464992
-0.6702065623653811
0.0046258021159630396
0.010763107423159723
0.19694641891000567
1.969322574484724
-0.7549278599118638
2.4651077806754573
-1.6253189407014899
-0.04147841484174917
-0.6609469766767061
0.00512519429445102
0.009302989912553503
0.17898440552865044
1.880802707898357
-0.6974128016986194
2.3632474326263133
-1.5324096517954398
-0.04150289683086671
-0.64845094234493
0.005607374244646376
0.007861847359695646
0.4820326090205461
1.7392719363372444
-0.7172527221847156
1.4370261581284858
-2.045328848623962
-0.04050257848592358
0.5917003350444138
0.03948254797946153
0.020442166000955046
0.718921934875606
1.6037416596816088
-0.7288881067721453
0.674383476513318
-2.444659323911557
-0.0389691963843004
1.59729924322622
0.07060682296672977
0.034829256822470185
0.9038070172099522
1.4752128472600403
-0.7357416972641254
0.053476662921177254
-2.745282547959351
-0.037475609750293855
2.4019322058574986
0.09937248667005763
0.05059714680264745
1.0478336465474758
1.3542692224537367
-0.740133266935182
-0.4451974470365965
-2.960774477885523
-0.03634046027515299
3.034942041246267
0.12608876127315513
0.06740464931408853
1.1596935132574862
1.2411772991289474
-0.7435190433099148
-0.8390212874345184
-3.103470562810289
-0.035700783027081066
3.5219348796076955
0.1510026430472559
0.08497453593601342
1.2461066421905278
1.1359681139564723
-0.7467050419808038
-1.1434402085505952
-3.1845192337556885
-0.035570653256064164
3.885222728515106
0.17431399229303257
0.10307845233088547
1.3122312629317063
1.038502641289251
-0.750029021783989
-1.3721248366705006
-3.213933182590707
-0.035886972350751264
4.144212282364568
0.1961864793553595
0.12152597458890224
1.3620052422402313
0.9485231728748325
-0.7535099167936233
-1.5371203473190833
-3.2006434138689586
-0.03654396914939635
4.315748228348398
0.2167555650277626
0.14015662858947284
1.3968685966390268
0.8669626200283843
-0.7548310681826742
-1.6488595728501136
-3.15430738028295
-0.03921172691060631
4.4144771896911035
0.23613382482785547
0.15883456323898176
1.4165376097803986
0.7954984733787382
-0.7502391721283754
-1.7163734647146838
-3.0847140867891243
-0.04668768255968001
4.453067849120268
0.254415413465922
0.1774440811086832
1.4236179130194229
0.7329674657898625
-0.7406726223109419
-1.7477726676962448
-2.9969007391778146
-0.05779576123226497
4.442306552241632
0.2716808201074768
0.19588487638026497
1.420257377936792
0.6782590985926034
-0.7269657418441318
-1.7500444250314178
-2.8951615745043
-0.07146967759597114
4.391455495994646
0.2879985624510651
0.21407033266508615
1.4082381592705298
0.630339153458926
-0.7098580698377014
-1.7291691121768473
-2.7831411641882142
-0.0867707067393074
4.308445717765285
0.3034271281151752
0.2319255704718131
1.389049663129284
0.5882633010522108
-0.690002897058666
-1.6902310332594284
-2.663916841806599
-0.1028945894485272
4.200047110009423
0.3180165044631508
0.24938590419357246
1.3639460287337934
0.5511833252631033
-0.6679751112382679
-1.6375224929904872
-2.5400715137332925
-0.11917059696052898
4.072018108703603
0.33180941615082676
0.2663955894409183
1.333991188347683
0.518347994093034
-0.6442784221174889
-1.5746404346591971
-2.413757966744519
-0.13505518110592957
3.929237399982084
0.34484235212606784
0.28290677910151396
1.3000940711949953
0.48910018650169906
-0.6193520326177595
-1.504575222139151
-2.286755655382159
-0.15012211491365854
3.775819722495031
0.3571464374416564
0.2988786328705851
1.2630360638063731
0.4628715283114583
-0.5935768129484004
-1.4297914075905895
-2.1605208333942554
-0.16405058740533793
3.6152176073213336
0.36874818703487494
0.31427654319769566
1.2234924408650423
0.43917549519542737
-0.5672810233985415
-1.3523005501797003
-2.036230787958576
-0.1766123502478577
3.4503106882709633
0.37967016628407513
0.3290714529311114
1.1820491394176758
0.4175997004956851
-0.5407456213673082
-1.2737263288030145
-1.914822842310946
-0.1876587160308306
3.2834840297629633
0.38993157495767267
0.3432392481286546
1.0322148352605232
0.41691047026960637
-0.8968075423345816
-1.4826879828194954
-2.1562879934971155
-0.04629407592101631
3.3527595534754764
0.3842116702937122
0.3279284635875177
0.9029121333513682
0.41486574969116935
-1.171595554603596
-1.6340924112929371
-2.3349067352283206
0.06624359089007617
3.380585308823843
0.3767634962705514
0.3139360879983756
0.791803340227585
0.4123246318477081
-1.3789037036162124
-1.7367651230231742
-2.4606989857394836
0.15394076804879553
3.3742472670141646
0.3678735660119822
0.30100780941075805
0.6966674337055243
0.4097876646928734
-1.5303674583699058
-1.798584964832372
-2.5422855150836265
0.22041349989412515
3.3399860013909413
0.3577817752790262
0.288935679137873
0.6154319515831858
0.40750033156237175
-1.6357915853607956
-1.8265366302864006
-2.5870700265265407
0.2689125413258186
3.2831370145973984
0.34669077281328214
0.2775487359569519
0.4549302053057202
0.08548818038381467
-1.4585494206940284
-1.996190554646741
-2.3741155459274323
0.1212858383269183
3.060318607446302
0.332524487664383
0.010797538104062476
0.31992674555509115
-0.16774951695170626
-1.3186538918174977
-2.1306285741954123
-2.1966743247815748
0.014273560995096135
2.872717541256853
0.31859636245052925
-0.20084557925403218
0.19941626955873012
-0.38007762102683973
-1.1990701981300786
-2.2412125114052834
-2.0377429578031565
-0.06772223773826529
2.702215799765219
0.3047228667623108
-0.3750354595850317
0.09810810892036083
-0.5425817015522868
-1.1040424828477542
-2.319877046345912
-1.903086264271766
-0.12293984158799742
2.552535143431168
0.2909262837060947
-0.5105652604810536
0.013310422470698413
-0.6642980711376824
-1.027433597599664
-2.369599968386051
-1.7874503257189673
-0.15766229621543984
2.418276852026485
0.27714188651794613
-0.6149995279601338
-0.05729831500941536
-0.7526056448165602
-0.9646747453620533
-2.3934928754571136
-1.6868273629888721
-0.17677917694727843
2.2955071208826876
0.26333124245013295
-0.6943327427093587
-0.11572090662961804
-0.8135471915387531
-0.91237213030832
-2.39465054936584
-1.5981608626114439
-0.18409549230134353
2.18139132845792
0.24947543032746086
-0.7533459850589954
-0.16368534455480033
-0.8520864221705176
-0.8680094224240332
-2.3760549297581934
-1.5191177481978158
-0.18257308151711027
2.073914762399223
0.235569764859315
-0.795876418175218
-0.1841990570663393
-0.8350333637262468
-0.8458894319516593
-2.312881273695181
-1.4633247552669155
-0.16575379281035998
1.9848883130953485
0.22171271398779424
-0.8169123364573783
-0.2011364222304579
-0.812569080247079
-0.8231508988777011
-2.2415093119729423
-1.4092222872168751
-0.14772418725001457
1.8963113168775314
0.20777621440930477
-0.8296305110795895
-0.2148454012394597
-0.7855344415936912
-0.8000986071894187
-2.163308489111455
-1.3568677942888754
-0.12896128139058266
1.8084806329661327
0.19379318446352498
-0.8354497298876469
-0.14094376793826457
-0.6937057919101443
-0.6981100950166568
-1.8711572904142246
-1.204621420285842
-0.19085538834325946
1.5995571152409838
0.17688570658217717
-0.4901740116927444
-0.082846298708462
-0.6068472724606215
-0.6222226489808336
-1.6249448714629473
-1.0832409768482374
-0.2291113915767402
1.426886787243812
0.16085684193014826
-0.25966871594362695
-0.03731980510587862
-0.5260842146209387
-0.5649993185992153
-1.4171277232505932
-0.9851624862311072
-0.25053640683395917
1.2832484080776116
0.14555084302594481
-0.10840146919052776
